annee;date;parcelle;exploitation;culture;situation;masse_C[kg/ha];masse_N[kg/ha];ratio_CN;nom_produit;type_residu;type_pool;Kres;Hres;CNbio;Yres
2020;175;sudouest_1_1;organique_sudouest_1;maisT;incorpore;1167.0;9.690542055117652;120.42669990619339;racines post recolte;residus racinaires;labile;0.0;0.0;0.0;0.0
2020;175;sudouest_1_1;organique_sudouest_1;maisT;surface;1685.7976894613128;13.998537623089133;120.42669990619339;aerien post recolte;residus aeriens;labile;0.0;0.0;0.0;0.0
2020;143;beauce_1_1;organique_beauce_1;orgeh;incorpore;644.0;6.400987596817678;100.60947475045441;racines post recolte;residus racinaires;labile;0.0;0.0;0.0;0.0
2020;143;beauce_1_1;organique_beauce_1;orgeh;surface;1595.3063257146791;15.856422366497583;100.60947475045441;aerien post recolte;residus aeriens;labile;0.0;0.0;0.0;0.0
2020;177;sudouest_2_1;mineral_sudouest_2;maisT;incorpore;1167.0;9.805356982274033;119.01657452244564;racines post recolte;residus racinaires;labile;0.0;0.0;0.0;0.0
2020;177;sudouest_2_1;mineral_sudouest_2;maisT;surface;1759.0093100348608;14.77953232222395;119.01657452244564;aerien post recolte;residus aeriens;labile;0.0;0.0;0.0;0.0
2020;141;sudouest_3_1;organique_sudouest_3;maisT;incorpore;1167.0;8.598382285848247;135.72320480803944;racines post recolte;residus racinaires;labile;0.0;0.0;0.0;0.0
2020;141;sudouest_3_1;organique_sudouest_3;maisT;surface;1085.9251645641782;8.001028019490551;135.72320480803944;aerien post recolte;residus aeriens;labile;0.0;0.0;0.0;0.0
2020;203;sudouest_4_1;mineral_sudouest_4;maisT;incorpore;1167.0;10.611623686986075;109.9737452460918;racines post recolte;residus racinaires;labile;0.0;0.0;0.0;0.0
2020;203;sudouest_4_1;mineral_sudouest_4;maisT;surface;2293.2706706341296;20.85289234719072;109.9737452460918;aerien post recolte;residus aeriens;labile;0.0;0.0;0.0;0.0
2020;123;beauce_2_1;mineral_beauce_2;orgeh;incorpore;644.0;6.131917192151596;105.02424932030601;racines post recolte;residus racinaires;labile;0.0;0.0;0.0;0.0
2020;123;beauce_2_1;mineral_beauce_2;orgeh;surface;1394.1904709913986;13.274938692866595;105.02424932030603;aerien post recolte;residus aeriens;labile;0.0;0.0;0.0;0.0
2020;115;sudouest_6_1;mineral_sudouest_6;maisT;incorpore;1167.0;8.862182234909827;131.68314181161432;racines post recolte;residus racinaires;labile;0.0;0.0;0.0;0.0
2020;115;sudouest_6_1;mineral_sudouest_6;maisT;surface;1211.9669613528179;9.203660731961087;131.68314181161432;aerien post recolte;residus aeriens;labile;0.0;0.0;0.0;0.0
2020;235;sudouest_7_1;organique_sudouest_7;maisT;incorpore;1167.0;10.148988229208635;114.98683155838053;racines post recolte;residus racinaires;labile;0.0;0.0;0.0;0.0
2020;235;sudouest_7_1;organique_sudouest_7;maisT;surface;1984.420822384038;17.257809398605072;114.98683155838054;aerien post recolte;residus aeriens;labile;0.0;0.0;0.0;0.0
2020;281;sudouest_8_1;mineral_sudouest_8;maisT;incorpore;1167.0;10.17296906165434;114.71577205506817;racines post recolte;residus racinaires;labile;0.0;0.0;0.0;0.0
2020;281;sudouest_8_1;mineral_sudouest_8;maisT;surface;2000.3857555208583;17.437756985679297;114.71577205506814;aerien post recolte;residus aeriens;labile;0.0;0.0;0.0;0.0
2020;181;sudouest_9_1;organique_sudouest_9;maisT;incorpore;1167.0;9.83473111457543;118.66109875342332;racines post recolte;residus racinaires;labile;0.0;0.0;0.0;0.0
2020;181;sudouest_9_1;organique_sudouest_9;maisT;surface;1777.945159183304;14.983386955465985;118.66109875342332;aerien post recolte;residus aeriens;labile;0.0;0.0;0.0;0.0
2020;99;beauce_3_1;organique_beauce_3;orgeh;incorpore;644.0;6.338068779575314;101.60823783978431;racines post recolte;residus racinaires;labile;0.0;0.0;0.0;0.0
2020;99;beauce_3_1;organique_beauce_3;orgeh;surface;1549.0023364758858;15.244849919731413;101.6082378397843;aerien post recolte;residus aeriens;labile;0.0;0.0;0.0;0.0
2020;242;beauce_4_1;mineral_beauce_4;orgeh;incorpore;644.0;6.847855414108145;94.04404168248251;racines post recolte;residus racinaires;labile;0.0;0.0;0.0;0.0
2020;242;beauce_4_1;mineral_beauce_4;orgeh;surface;1902.1753824919238;20.226431663944954;94.04404168248253;aerien post recolte;residus aeriens;labile;0.0;0.0;0.0;0.0
2020;211;beauce_5_1;organique_beauce_5;orgeh;incorpore;644.0;6.843807011645678;94.09967272661919;racines post recolte;residus racinaires;labile;0.0;0.0;0.0;0.0
2020;211;beauce_5_1;organique_beauce_5;orgeh;surface;1899.6022942535021;20.187129659550205;94.0996727266192;aerien post recolte;residus aeriens;labile;0.0;0.0;0.0;0.0
2020;111;beauce_6_1;mineral_beauce_6;orgeh;incorpore;644.0;6.2031594274984325;103.81806360564683;racines post recolte;residus racinaires;labile;0.0;0.0;0.0;0.0
2020;111;beauce_6_1;mineral_beauce_6;orgeh;surface;1448.0841383859345;13.94828691745288;103.81806360564683;aerien post recolte;residus aeriens;labile;0.0;0.0;0.0;0.0
2020;295;beauce_7_1;organique_beauce_7;orgeh;incorpore;644.0;6.579898037633067;97.87385705928976;racines post recolte;residus racinaires;labile;0.0;0.0;0.0;0.0
2020;295;beauce_7_1;organique_beauce_7;orgeh;surface;1723.3067641582702;17.60742670143601;97.87385705928978;aerien post recolte;residus aeriens;labile;0.0;0.0;0.0;0.0
2020;175;beauce_8_1;mineral_beauce_8;orgeh;incorpore;644.0;6.2461115083843355;103.10414713786973;racines post recolte;residus racinaires;labile;0.0;0.0;0.0;0.0
2020;175;beauce_8_1;mineral_beauce_8;orgeh;surface;1480.4118933096497;14.358412676941686;103.10414713786973;aerien post recolte;residus aeriens;labile;0.0;0.0;0.0;0.0
2020;149;sudouest_10_1;mineral_sudouest_10;maisT;incorpore;1167.0;8.159369850625314;143.02575092984222;racines post recolte;residus racinaires;labile;0.0;0.0;0.0;0.0
2020;149;sudouest_10_1;mineral_sudouest_10;maisT;surface;904.195128415104;6.321904430053542;143.02575092984222;aerien post recolte;residus aeriens;labile;0.0;0.0;0.0;0.0
2020;237;sudouest_11_1;organique_sudouest_11;maisT;incorpore;1167.0;10.12908898170315;115.21273059285292;racines post recolte;residus racinaires;labile;0.0;0.0;0.0;0.0
2020;237;sudouest_11_1;organique_sudouest_11;maisT;surface;1971.188388165678;17.109119608766207;115.2127305928529;aerien post recolte;residus aeriens;labile;0.0;0.0;0.0;0.0
2020;133;oceanique_1_1;organique_oceanique_1;CP;incorpore;846.0;7.794056937251839;108.54424169735371;racines post recolte;residus racinaires;labile;0.0;0.0;0.0;0.0
2020;133;oceanique_1_1;organique_oceanique_1;CP;surface;1670.1330367083788;15.386657187813734;108.54424169735371;aerien post recolte;residus aeriens;labile;0.0;0.0;0.0;0.0
2020;195;oceanique_2_1;mineral_oceanique_2;CP;incorpore;846.0;7.399817079961701;114.32715036847623;racines post recolte;residus racinaires;labile;0.0;0.0;0.0;0.0
2020;195;oceanique_2_1;mineral_oceanique_2;CP;surface;1381.1509305837362;12.080690598272492;114.32715036847623;aerien post recolte;residus aeriens;labile;0.0;0.0;0.0;0.0
2020;325;sudouest_12_1;mineral_sudouest_12;maisT;incorpore;1167.0;10.448882009663262;111.68658990701046;racines post recolte;residus racinaires;labile;0.0;0.0;0.0;0.0
2020;325;sudouest_12_1;mineral_sudouest_12;maisT;surface;2184.780375959581;19.561707254009768;111.68658990701047;aerien post recolte;residus aeriens;labile;0.0;0.0;0.0;0.0
2020;146;sudouest_13_1;organique_sudouest_13;maisT;incorpore;1167.0;8.557913347507096;136.36501710314056;racines post recolte;residus racinaires;labile;0.0;0.0;0.0;0.0
2020;146;sudouest_13_1;organique_sudouest_13;maisT;surface;1067.725762054912;7.829909640588617;136.36501710314056;aerien post recolte;residus aeriens;labile;0.0;0.0;0.0;0.0
2020;277;sudouest_14_1;mineral_sudouest_14;maisT;incorpore;1167.0;10.072765366632787;115.85696256420546;racines post recolte;residus racinaires;labile;0.0;0.0;0.0;0.0
2020;277;sudouest_14_1;mineral_sudouest_14;maisT;surface;1933.82183118881;16.6914597827224;115.85696256420545;aerien post recolte;residus aeriens;labile;0.0;0.0;0.0;0.0
2020;262;sudouest_15_1;organique_sudouest_15;maisT;incorpore;1167.0;10.84963313716262;107.56124057344783;racines post recolte;residus racinaires;labile;0.0;0.0;0.0;0.0
2020;262;sudouest_15_1;organique_sudouest_15;maisT;surface;2449.9920384318484;22.77764764863306;107.5612405734478;aerien post recolte;residus aeriens;labile;0.0;0.0;0.0;0.0
2020;315;sudouest_16_1;mineral_sudouest_16;maisT;incorpore;1167.0;10.799488017431555;108.06067825774096;racines post recolte;residus racinaires;labile;0.0;0.0;0.0;0.0
2020;315;sudouest_16_1;mineral_sudouest_16;maisT;surface;2417.238341439901;22.36926864066524;108.06067825774096;aerien post recolte;residus aeriens;labile;0.0;0.0;0.0;0.0
2020;269;oceanique_3_1;organique_oceanique_3;CP;incorpore;846.0;7.641228298942098;110.71518437907763;racines post recolte;residus racinaires;labile;0.0;0.0;0.0;0.0
2020;269;oceanique_3_1;organique_oceanique_3;CP;surface;1557.2902285218001;14.065733054192416;110.71518437907764;aerien post recolte;residus aeriens;labile;0.0;0.0;0.0;0.0
2020;317;oceanique_4_1;mineral_oceanique_4;CP;incorpore;846.0;7.806889929561327;108.3658163024129;racines post recolte;residus racinaires;labile;0.0;0.0;0.0;0.0
2020;317;oceanique_4_1;mineral_oceanique_4;CP;surface;1679.6024964031735;15.499375667654848;108.3658163024129;aerien post recolte;residus aeriens;labile;0.0;0.0;0.0;0.0
2020;143;sudouest_17_1;organique_sudouest_17;maisT;incorpore;1167.0;8.652129261809312;134.88009306000126;racines post recolte;residus racinaires;labile;0.0;0.0;0.0;0.0
2020;143;sudouest_17_1;organique_sudouest_17;maisT;surface;1110.5618010086375;8.233696877081819;134.88009306000126;aerien post recolte;residus aeriens;labile;0.0;0.0;0.0;0.0
2020;105;beauce_9_1;organique_beauce_9;orgeh;incorpore;644.0;6.1937596976455565;103.97561924218738;racines post recolte;residus racinaires;labile;0.0;0.0;0.0;0.0
2020;105;beauce_9_1;organique_beauce_9;orgeh;surface;1440.9903753420006;13.858925638957183;103.97561924218738;aerien post recolte;residus aeriens;labile;0.0;0.0;0.0;0.0
2020;303;oceanique_5_1;organique_oceanique_5;CP;incorpore;846.0;7.957086399261547;106.32032348907417;racines post recolte;residus racinaires;labile;0.0;0.0;0.0;0.0
2020;303;oceanique_5_1;organique_oceanique_5;CP;surface;1789.9288687029818;16.835246639245984;106.32032348907417;aerien post recolte;residus aeriens;labile;0.0;0.0;0.0;0.0
2020;138;sudouest_18_1;mineral_sudouest_18;maisT;incorpore;1167.0;8.48326952324727;137.5648854256006;racines post recolte;residus racinaires;labile;0.0;0.0;0.0;0.0
2020;138;sudouest_18_1;mineral_sudouest_18;maisT;surface;1034.9433314547025;7.523310387333054;137.5648854256006;aerien post recolte;residus aeriens;labile;0.0;0.0;0.0;0.0
2020;143;sudouest_19_1;organique_sudouest_19;maisT;incorpore;1167.0;9.029652436165044;129.24085486679408;racines post recolte;residus racinaires;labile;0.0;0.0;0.0;0.0
2020;143;sudouest_19_1;organique_sudouest_19;maisT;surface;1298.618029955357;10.048045807912803;129.24085486679405;aerien post recolte;residus aeriens;labile;0.0;0.0;0.0;0.0
2020;220;sudouest_20_1;mineral_sudouest_20;maisT;incorpore;1167.0;10.048005493830741;116.1424524216784;racines post recolte;residus racinaires;labile;0.0;0.0;0.0;0.0
2020;220;sudouest_20_1;mineral_sudouest_20;maisT;surface;1917.4419209773146;16.509397563051778;116.14245242167841;aerien post recolte;residus aeriens;labile;0.0;0.0;0.0;0.0
2020;139;sudouest_21_1;organique_sudouest_21;maisT;incorpore;1167.0;8.067559601324461;144.65340916829572;racines post recolte;residus racinaires;labile;0.0;0.0;0.0;0.0
2020;139;sudouest_21_1;organique_sudouest_21;maisT;surface;870.4016353638019;6.017152588164314;144.6534091682957;aerien post recolte;residus aeriens;labile;0.0;0.0;0.0;0.0
2020;247;sudouest_22_1;mineral_sudouest_22;maisT;incorpore;1167.0;10.331328836852034;112.95739574538469;racines post recolte;residus racinaires;labile;0.0;0.0;0.0;0.0
2020;247;sudouest_22_1;mineral_sudouest_22;maisT;surface;2106.152302102774;18.645545855626978;112.95739574538469;aerien post recolte;residus aeriens;labile;0.0;0.0;0.0;0.0
2020;194;sudouest_23_1;organique_sudouest_23;maisT;incorpore;1167.0;10.057279751369787;116.03535238651945;racines post recolte;residus racinaires;labile;0.0;0.0;0.0;0.0
2020;194;sudouest_23_1;organique_sudouest_23;maisT;surface;1923.5736986887914;16.577479700163043;116.03535238651945;aerien post recolte;residus aeriens;labile;0.0;0.0;0.0;0.0
2020;232;oceanique_6_1;mineral_oceanique_6;CP;incorpore;846.0;7.941391292042141;106.53045151518404;racines post recolte;residus racinaires;labile;0.0;0.0;0.0;0.0
2020;232;oceanique_6_1;mineral_oceanique_6;CP;surface;1778.4598525366775;16.694380125509838;106.53045151518403;aerien post recolte;residus aeriens;labile;0.0;0.0;0.0;0.0
2020;100;beauce_10_1;mineral_beauce_10;orgeh;incorpore;644.0;6.287706402267446;102.42208506551188;racines post recolte;residus racinaires;labile;0.0;0.0;0.0;0.0
2020;100;beauce_10_1;mineral_beauce_10;orgeh;surface;1511.5555129304391;14.75810136030338;102.42208506551187;aerien post recolte;residus aeriens;labile;0.0;0.0;0.0;0.0
2020;327;beauce_11_1;organique_beauce_11;orgeh;incorpore;644.0;6.593835441098221;97.66698088733922;racines post recolte;residus racinaires;labile;0.0;0.0;0.0;0.0
2020;327;beauce_11_1;organique_beauce_11;orgeh;surface;1733.0154289311165;17.74412819139135;97.66698088733925;aerien post recolte;residus aeriens;labile;0.0;0.0;0.0;0.0
2020;279;beauce_12_1;mineral_beauce_12;orgeh;incorpore;644.0;6.657837635956636;96.72810230786988;racines post recolte;residus racinaires;labile;0.0;0.0;0.0;0.0
2020;279;beauce_12_1;mineral_beauce_12;orgeh;surface;1777.0571609601661;18.37167398678081;96.72810230786989;aerien post recolte;residus aeriens;labile;0.0;0.0;0.0;0.0
2020;111;sudouest_24_1;mineral_sudouest_24;maisT;incorpore;1167.0;8.417293775313949;138.64313532961765;racines post recolte;residus racinaires;labile;0.0;0.0;0.0;0.0
2020;111;sudouest_24_1;mineral_sudouest_24;maisT;surface;1006.8090032793153;7.261874169865487;138.64313532961762;aerien post recolte;residus aeriens;labile;0.0;0.0;0.0;0.0
2020;320;beauce_13_1;organique_beauce_13;CP;incorpore;846.0;7.602377140949423;111.28098281826982;racines post recolte;residus racinaires;labile;0.0;0.0;0.0;0.0
2020;320;beauce_13_1;organique_beauce_13;CP;surface;1528.6745859109342;13.737069418297414;111.2809828182698;aerien post recolte;residus aeriens;labile;0.0;0.0;0.0;0.0
2020;311;beauce_14_1;organique_beauce_14;maisT;incorpore;1167.0;10.34454809750497;112.81304789732398;racines post recolte;residus racinaires;labile;0.0;0.0;0.0;0.0
2020;311;beauce_14_1;organique_beauce_14;maisT;surface;2114.9957735165717;18.74779392044722;112.813047897324;aerien post recolte;residus aeriens;labile;0.0;0.0;0.0;0.0
2020;98;beauce_15_1;organique_beauce_15;maisT;incorpore;1167.0;8.340201769354358;139.9246723608152;racines post recolte;residus racinaires;labile;0.0;0.0;0.0;0.0
2020;98;beauce_15_1;organique_beauce_15;maisT;surface;974.921403419031;6.967473190897033;139.9246723608152;aerien post recolte;residus aeriens;labile;0.0;0.0;0.0;0.0
2020;153;beauce_16_1;mineral_beauce_16;maisT;incorpore;1167.0;7.51362254738422;155.31788995792414;racines post recolte;residus racinaires;labile;0.0;0.0;0.0;0.0
2020;153;beauce_16_1;mineral_beauce_16;maisT;surface;693.9024425078785;4.467627281672818;155.31788995792414;aerien post recolte;residus aeriens;labile;0.0;0.0;0.0;0.0
2020;354;beauce_17_1;mineral_beauce_17;CP;incorpore;846.0;7.640801658035638;110.7213664040452;racines post recolte;residus racinaires;labile;0.0;0.0;0.0;0.0
2020;354;beauce_17_1;mineral_beauce_17;CP;surface;1556.9756785733523;14.062106792392948;110.7213664040452;aerien post recolte;residus aeriens;labile;0.0;0.0;0.0;0.0
2020;272;beauce_18_1;mineral_beauce_18;maisT;incorpore;1167.0;10.318629723341362;113.09641214861851;racines post recolte;residus racinaires;labile;0.0;0.0;0.0;0.0
2020;272;beauce_18_1;mineral_beauce_18;maisT;surface;2097.6575931749458;18.547516701223394;113.09641214861848;aerien post recolte;residus aeriens;labile;0.0;0.0;0.0;0.0
2020;147;beauce_19_1;organique_beauce_19;CP;incorpore;846.0;7.466129851799918;113.31171795733611;racines post recolte;residus racinaires;labile;0.0;0.0;0.0;0.0
2020;147;beauce_19_1;organique_beauce_19;CP;surface;1429.0364844619494;12.61155077535765;113.3117179573361;aerien post recolte;residus aeriens;labile;0.0;0.0;0.0;0.0
2020;153;beauce_20_1;organique_beauce_20;maisT;incorpore;1167.0;8.599481150390746;135.70586173643434;racines post recolte;residus racinaires;labile;0.0;0.0;0.0;0.0
2020;153;beauce_20_1;organique_beauce_20;maisT;surface;1086.4235344143835;8.005722969612153;135.70586173643437;aerien post recolte;residus aeriens;labile;0.0;0.0;0.0;0.0
2020;110;beauce_21_1;organique_beauce_21;maisT;incorpore;1167.0;7.724462259660091;151.0784777983177;racines post recolte;residus racinaires;labile;0.0;0.0;0.0;0.0
2020;110;beauce_21_1;organique_beauce_21;maisT;surface;755.8629271165327;5.003114527838785;151.0784777983177;aerien post recolte;residus aeriens;labile;0.0;0.0;0.0;0.0
2020;189;beauce_22_1;mineral_beauce_22;maisT;incorpore;1167.0;9.51350473234708;122.66772686117002;racines post recolte;residus racinaires;labile;0.0;0.0;0.0;0.0
2020;189;beauce_22_1;mineral_beauce_22;maisT;surface;1575.8353540650614;12.846372834873865;122.66772686117001;aerien post recolte;residus aeriens;labile;0.0;0.0;0.0;0.0
2020;324;beauce_23_1;mineral_beauce_23;CP;incorpore;846.0;8.16889210587466;103.56361536365488;racines post recolte;residus racinaires;labile;0.0;0.0;0.0;0.0
2020;324;beauce_23_1;mineral_beauce_23;CP;surface;1942.5119135119655;18.756702406448433;103.56361536365489;aerien post recolte;residus aeriens;labile;0.0;0.0;0.0;0.0
2020;248;beauce_24_1;mineral_beauce_24;maisT;incorpore;1167.0;10.435679248071784;111.82789085968011;racines post recolte;residus racinaires;labile;0.0;0.0;0.0;0.0
2020;248;beauce_24_1;mineral_beauce_24;maisT;surface;2175.954193779642;19.458063431688927;111.82789085968011;aerien post recolte;residus aeriens;labile;0.0;0.0;0.0;0.0
2020;316;beauce_25_1;organique_beauce_25;CP;incorpore;846.0;8.171492950879111;103.53065285444382;racines post recolte;residus racinaires;labile;0.0;0.0;0.0;0.0
2020;316;beauce_25_1;organique_beauce_25;CP;surface;1944.354777342221;18.780474417328705;103.53065285444382;aerien post recolte;residus aeriens;labile;0.0;0.0;0.0;0.0
2020;103;beauce_26_1;organique_beauce_26;maisT;incorpore;1167.0;8.298613859080733;140.62589485628538;racines post recolte;residus racinaires;labile;0.0;0.0;0.0;0.0
2020;103;beauce_26_1;organique_beauce_26;maisT;surface;958.1552945950789;6.813505404351589;140.6258948562854;aerien post recolte;residus aeriens;labile;0.0;0.0;0.0;0.0
2020;257;beauce_27_1;organique_beauce_27;maisT;incorpore;1167.0;10.674030670804774;109.33077072674492;racines post recolte;residus racinaires;labile;0.0;0.0;0.0;0.0
2020;257;beauce_27_1;organique_beauce_27;maisT;surface;2334.6430346910747;21.353942894321563;109.33077072674493;aerien post recolte;residus aeriens;labile;0.0;0.0;0.0;0.0
2020;328;beauce_28_1;mineral_beauce_28;maisT;incorpore;1167.0;10.817993849795274;107.87582394697748;racines post recolte;residus racinaires;labile;0.0;0.0;0.0;0.0
2020;328;beauce_28_1;mineral_beauce_28;maisT;surface;2429.3449097934554;22.519827157820956;107.87582394697746;aerien post recolte;residus aeriens;labile;0.0;0.0;0.0;0.0
2020;119;beauce_29_1;mineral_beauce_29;CP;incorpore;846.0;7.389440446996618;114.48769444293313;racines post recolte;residus racinaires;labile;0.0;0.0;0.0;0.0
2020;119;beauce_29_1;mineral_beauce_29;CP;surface;1373.7046963393561;11.998710455507382;114.48769444293313;aerien post recolte;residus aeriens;labile;0.0;0.0;0.0;0.0
2020;170;beauce_30_1;mineral_beauce_30;maisT;incorpore;1167.0;9.189413761451046;126.99395525049532;racines post recolte;residus racinaires;labile;0.0;0.0;0.0;0.0
2020;170;beauce_30_1;mineral_beauce_30;maisT;surface;1385.9301908827415;10.91335558569695;126.99395525049532;aerien post recolte;residus aeriens;labile;0.0;0.0;0.0;0.0
2020;262;beauce_31_1;organique_beauce_31;CP;incorpore;846.0;7.584720609698715;111.54003470058014;racines post recolte;residus racinaires;labile;0.0;0.0;0.0;0.0
2020;262;beauce_31_1;organique_beauce_31;CP;surface;1515.6921022372492;13.588772016307846;111.54003470058011;aerien post recolte;residus aeriens;labile;0.0;0.0;0.0;0.0
2020;184;beauce_32_1;organique_beauce_32;maisT;incorpore;1167.0;9.19636768118205;126.89792757938103;racines post recolte;residus racinaires;labile;0.0;0.0;0.0;0.0
2020;184;beauce_32_1;organique_beauce_32;maisT;surface;1389.830208000023;10.952347563994804;126.89792757938105;aerien post recolte;residus aeriens;labile;0.0;0.0;0.0;0.0
2020;232;beauce_33_1;organique_beauce_33;maisT;incorpore;1167.0;10.431601770739844;111.87160185441324;racines post recolte;residus racinaires;labile;0.0;0.0;0.0;0.0
2020;232;beauce_33_1;organique_beauce_33;maisT;surface;2173.2279292084795;19.42609110073047;111.87160185441324;aerien post recolte;residus aeriens;labile;0.0;0.0;0.0;0.0
2020;165;beauce_34_1;mineral_beauce_34;maisT;incorpore;1167.0;8.590513247670374;135.8475292866202;racines post recolte;residus racinaires;labile;0.0;0.0;0.0;0.0
2020;165;beauce_34_1;mineral_beauce_34;maisT;surface;1082.3627966884014;7.96748238537898;135.8475292866202;aerien post recolte;residus aeriens;labile;0.0;0.0;0.0;0.0
2020;139;beauce_35_1;mineral_beauce_35;CP;incorpore;846.0;7.1458280291997625;118.39075843177557;racines post recolte;residus racinaires;labile;0.0;0.0;0.0;0.0
2020;139;beauce_35_1;mineral_beauce_35;CP;surface;1203.7522967418663;10.167620451857704;118.39075843177558;aerien post recolte;residus aeriens;labile;0.0;0.0;0.0;0.0
2020;200;beauce_36_1;mineral_beauce_36;maisT;incorpore;1167.0;9.52981961044511;122.45772194060376;racines post recolte;residus racinaires;labile;0.0;0.0;0.0;0.0
2020;200;beauce_36_1;mineral_beauce_36;maisT;surface;1585.8032158775275;12.94980170092252;122.45772194060375;aerien post recolte;residus aeriens;labile;0.0;0.0;0.0;0.0
2020;147;beauce_37_1;organique_beauce_37;CP;incorpore;846.0;7.278545196182475;116.2320185143205;racines post recolte;residus racinaires;labile;0.0;0.0;0.0;0.0
2020;147;beauce_37_1;organique_beauce_37;CP;surface;1295.0771015000626;11.142171649892676;116.2320185143205;aerien post recolte;residus aeriens;labile;0.0;0.0;0.0;0.0
2020;209;beauce_38_1;organique_beauce_38;maisT;incorpore;1167.0;9.381459335436112;124.39429285718373;racines post recolte;residus racinaires;labile;0.0;0.0;0.0;0.0
2020;209;beauce_38_1;organique_beauce_38;maisT;surface;1496.5291359828739;12.030528906185666;124.39429285718373;aerien post recolte;residus aeriens;labile;0.0;0.0;0.0;0.0
2020;224;beauce_39_1;organique_beauce_39;maisT;incorpore;1167.0;9.62103979960611;121.2966606839915;racines post recolte;residus racinaires;labile;0.0;0.0;0.0;0.0
2020;224;beauce_39_1;organique_beauce_39;maisT;surface;1642.1714209714096;13.538471807147946;121.29666068399149;aerien post recolte;residus aeriens;labile;0.0;0.0;0.0;0.0
2020;300;beauce_40_1;mineral_beauce_40;maisT;incorpore;1167.0;10.56649697056177;110.44341405209869;racines post recolte;residus racinaires;labile;0.0;0.0;0.0;0.0
2020;300;beauce_40_1;mineral_beauce_40;maisT;surface;2263.26089497388;20.49249305084184;110.44341405209867;aerien post recolte;residus aeriens;labile;0.0;0.0;0.0;0.0
2020;195;beauce_41_1;mineral_beauce_41;CP;incorpore;846.0;7.943848353542919;106.4975012548783;racines post recolte;residus racinaires;labile;0.0;0.0;0.0;0.0
2020;195;beauce_41_1;mineral_beauce_41;CP;surface;1780.2564680896392;16.71641538169978;106.4975012548783;aerien post recolte;residus aeriens;labile;0.0;0.0;0.0;0.0
2020;134;beauce_42_1;mineral_beauce_42;maisT;incorpore;1167.0;7.589488367710203;153.7653058360364;racines post recolte;residus racinaires;labile;0.0;0.0;0.0;0.0
2020;134;beauce_42_1;mineral_beauce_42;maisT;surface;715.509873770088;4.653259523530316;153.7653058360364;aerien post recolte;residus aeriens;labile;0.0;0.0;0.0;0.0
2020;288;beauce_43_1;organique_beauce_43;CP;incorpore;846.0;7.928367885337342;106.70544205757473;racines post recolte;residus racinaires;labile;0.0;0.0;0.0;0.0
2020;288;beauce_43_1;organique_beauce_43;CP;surface;1768.9302495980332;16.5776947781499;106.70544205757471;aerien post recolte;residus aeriens;labile;0.0;0.0;0.0;0.0
2020;271;beauce_44_1;organique_beauce_44;maisT;incorpore;1167.0;10.556442372320634;110.54860708186267;racines post recolte;residus racinaires;labile;0.0;0.0;0.0;0.0
2020;271;beauce_44_1;organique_beauce_44;maisT;surface;2256.565336460062;20.41242667842071;110.54860708186266;aerien post recolte;residus aeriens;labile;0.0;0.0;0.0;0.0
2020;173;beauce_45_1;organique_beauce_45;maisT;incorpore;1167.0;9.26631756770388;125.93999627936057;racines post recolte;residus racinaires;labile;0.0;0.0;0.0;0.0
2020;173;beauce_45_1;organique_beauce_45;maisT;surface;1429.5074943176348;11.350703005792505;125.93999627936056;aerien post recolte;residus aeriens;labile;0.0;0.0;0.0;0.0
2020;137;beauce_46_1;mineral_beauce_46;maisT;incorpore;1167.0;7.7976488515950715;149.66049667154232;racines post recolte;residus racinaires;labile;0.0;0.0;0.0;0.0
2020;137;beauce_46_1;mineral_beauce_46;maisT;surface;778.8118406044497;5.203857116107909;149.66049667154235;aerien post recolte;residus aeriens;labile;0.0;0.0;0.0;0.0
2020;123;beauce_47_1;mineral_beauce_47;CP;incorpore;846.0;7.165593707652387;118.06418763270476;racines post recolte;residus racinaires;labile;0.0;0.0;0.0;0.0
2020;123;beauce_47_1;mineral_beauce_47;CP;surface;1217.1333338254494;10.309081510914437;118.06418763270474;aerien post recolte;residus aeriens;labile;0.0;0.0;0.0;0.0
2020;191;beauce_48_1;mineral_beauce_48;maisT;incorpore;1167.0;9.696103565427618;120.35762532086082;racines post recolte;residus racinaires;labile;0.0;0.0;0.0;0.0
2020;191;beauce_48_1;mineral_beauce_48;maisT;surface;1689.3123165777274;14.035773072742153;120.35762532086082;aerien post recolte;residus aeriens;labile;0.0;0.0;0.0;0.0
2020;103;oceanique_7_1;organique_oceanique_7;orgeh;incorpore;644.0;6.237521088404412;103.2461439204109;racines post recolte;residus racinaires;labile;0.0;0.0;0.0;0.0
2020;103;oceanique_7_1;organique_oceanique_7;orgeh;surface;1473.9588321292351;14.276163507524913;103.24614392041089;aerien post recolte;residus aeriens;labile;0.0;0.0;0.0;0.0
2020;97;oceanique_8_1;organique_oceanique_8;maisT;incorpore;1167.0;8.826579491798396;132.2142967255174;racines post recolte;residus racinaires;labile;0.0;0.0;0.0;0.0
2020;97;oceanique_8_1;organique_oceanique_8;maisT;surface;1194.205699222508;9.032349214863883;132.21429672551744;aerien post recolte;residus aeriens;labile;0.0;0.0;0.0;0.0
2020;140;oceanique_10_1;mineral_oceanique_10;maisT;incorpore;1167.0;7.56436822355145;154.2759375947059;racines post recolte;residus racinaires;labile;0.0;0.0;0.0;0.0
2020;140;oceanique_10_1;mineral_oceanique_10;maisT;surface;708.2719073753454;4.590942167767128;154.27593759470594;aerien post recolte;residus aeriens;labile;0.0;0.0;0.0;0.0
2020;104;oceanique_11_1;mineral_oceanique_11;orgeh;incorpore;644.0;6.01466697789004;107.07159720851524;racines post recolte;residus racinaires;labile;0.0;0.0;0.0;0.0
2020;104;oceanique_11_1;mineral_oceanique_11;orgeh;surface;1305.199947710044;12.18997364135933;107.07159720851523;aerien post recolte;residus aeriens;labile;0.0;0.0;0.0;0.0
2020;189;oceanique_12_1;mineral_oceanique_12;maisT;incorpore;1167.0;9.46963307532992;123.23603150371716;racines post recolte;residus racinaires;labile;0.0;0.0;0.0;0.0
2020;189;oceanique_12_1;mineral_oceanique_12;maisT;surface;1549.2110039240147;12.571088057775425;123.23603150371714;aerien post recolte;residus aeriens;labile;0.0;0.0;0.0;0.0
2020;215;oceanique_13_1;organique_oceanique_13;orgeh;incorpore;644.0;6.31340195935054;102.00522699908186;racines post recolte;residus racinaires;labile;0.0;0.0;0.0;0.0
2020;215;oceanique_13_1;organique_oceanique_13;orgeh;surface;1530.7002307326131;15.006096018455905;102.00522699908187;aerien post recolte;residus aeriens;labile;0.0;0.0;0.0;0.0
2020;103;oceanique_14_1;organique_oceanique_14;maisT;incorpore;1167.0;8.128640510590238;143.56644244257046;racines post recolte;residus racinaires;labile;0.0;0.0;0.0;0.0
2020;103;oceanique_14_1;organique_oceanique_14;maisT;surface;892.7291424222711;6.218229881815042;143.5664424425705;aerien post recolte;residus aeriens;labile;0.0;0.0;0.0;0.0
2020;255;oceanique_15_1;organique_oceanique_15;maisT;incorpore;1167.0;10.082346771197011;115.74686196410697;racines post recolte;residus racinaires;labile;0.0;0.0;0.0;0.0
2020;255;oceanique_15_1;organique_oceanique_15;maisT;surface;1940.1684612201414;16.76216899791017;115.74686196410696;aerien post recolte;residus aeriens;labile;0.0;0.0;0.0;0.0
2020;148;oceanique_16_1;mineral_oceanique_16;maisT;incorpore;1167.0;9.362269349536104;124.64926573147827;racines post recolte;residus racinaires;labile;0.0;0.0;0.0;0.0
2020;148;oceanique_16_1;mineral_oceanique_16;maisT;surface;1485.2160894918084;11.915161158600709;124.64926573147828;aerien post recolte;residus aeriens;labile;0.0;0.0;0.0;0.0
2020;170;oceanique_17_1;mineral_oceanique_17;orgeh;incorpore;644.0;6.790348053244832;94.84049933084924;racines post recolte;residus racinaires;labile;0.0;0.0;0.0;0.0
2020;170;oceanique_17_1;mineral_oceanique_17;orgeh;surface;1865.238288669907;19.667107425943207;94.84049933084924;aerien post recolte;residus aeriens;labile;0.0;0.0;0.0;0.0
2020;226;oceanique_18_1;mineral_oceanique_18;maisT;incorpore;1167.0;9.880643743099224;118.10971332865317;racines post recolte;residus racinaires;labile;0.0;0.0;0.0;0.0
2020;226;oceanique_18_1;mineral_oceanique_18;maisT;surface;1807.6926557468328;15.305198910412477;118.10971332865319;aerien post recolte;residus aeriens;labile;0.0;0.0;0.0;0.0
2020;109;oceanique_19_1;organique_oceanique_19;orgeh;incorpore;644.0;6.088913910048567;105.7659887319483;racines post recolte;residus racinaires;labile;0.0;0.0;0.0;0.0
2020;109;oceanique_19_1;organique_oceanique_19;orgeh;surface;1361.560687421034;12.873332001573326;105.7659887319483;aerien post recolte;residus aeriens;labile;0.0;0.0;0.0;0.0
2020;125;oceanique_20_1;organique_oceanique_20;maisT;incorpore;1167.0;7.004314198544938;166.6116006392789;racines post recolte;residus racinaires;labile;0.0;0.0;0.0;0.0
2020;125;oceanique_20_1;organique_oceanique_20;maisT;surface;566.6767029939922;3.401183956097217;166.6116006392789;aerien post recolte;residus aeriens;labile;0.0;0.0;0.0;0.0
2020;121;oceanique_21_1;organique_oceanique_21;maisT;incorpore;1167.0;7.1095828564719135;164.1446514597787;racines post recolte;residus racinaires;labile;0.0;0.0;0.0;0.0
2020;121;oceanique_21_1;organique_oceanique_21;maisT;surface;590.627863826089;3.5982157114075326;164.14465145977866;aerien post recolte;residus aeriens;labile;0.0;0.0;0.0;0.0
2020;117;oceanique_22_1;mineral_oceanique_22;maisT;incorpore;1167.0;7.34191909701153;158.95026689616043;racines post recolte;residus racinaires;labile;0.0;0.0;0.0;0.0
2020;117;oceanique_22_1;mineral_oceanique_22;maisT;surface;647.6854265420362;4.074767782335076;158.95026689616046;aerien post recolte;residus aeriens;labile;0.0;0.0;0.0;0.0
2020;154;oceanique_23_1;mineral_oceanique_23;orgeh;incorpore;644.0;5.733386960892657;112.32453075166806;racines post recolte;residus racinaires;labile;0.0;0.0;0.0;0.0
2020;154;oceanique_23_1;mineral_oceanique_23;orgeh;surface;1095.3346484750668;9.751517688479643;112.32453075166808;aerien post recolte;residus aeriens;labile;0.0;0.0;0.0;0.0
2020;154;oceanique_24_1;mineral_oceanique_24;maisT;incorpore;1167.0;7.033005080894445;165.93191481835004;racines post recolte;residus racinaires;labile;0.0;0.0;0.0;0.0
2020;154;oceanique_24_1;mineral_oceanique_24;maisT;surface;573.0932892035486;3.45378578817058;165.93191481835004;aerien post recolte;residus aeriens;labile;0.0;0.0;0.0;0.0
2020;215;sudouest_25_1;organique_sudouest_25;CP;incorpore;846.0;7.419730030588945;114.02032102411256;racines post recolte;residus racinaires;labile;0.0;0.0;0.0;0.0
2020;215;sudouest_25_1;organique_sudouest_25;CP;surface;1395.477716519151;12.238850969591999;114.02032102411256;aerien post recolte;residus aeriens;labile;0.0;0.0;0.0;0.0
2020;194;sudouest_26_1;organique_sudouest_26;orgeh;incorpore;644.0;6.335425304336116;101.65063418224362;racines post recolte;residus racinaires;labile;0.0;0.0;0.0;0.0
2020;194;sudouest_26_1;organique_sudouest_26;orgeh;surface;1547.0447120313788;15.219233253948723;101.65063418224362;aerien post recolte;residus aeriens;labile;0.0;0.0;0.0;0.0
2020;277;sudouest_27_1;mineral_sudouest_27;CP;incorpore;846.0;7.536567492425097;112.25269339792993;racines post recolte;residus racinaires;labile;0.0;0.0;0.0;0.0
2020;277;sudouest_27_1;mineral_sudouest_27;CP;surface;1480.3781009166903;13.187907177147432;112.25269339792993;aerien post recolte;residus aeriens;labile;0.0;0.0;0.0;0.0
2020;124;sudouest_28_1;mineral_sudouest_28;orgeh;incorpore;644.0;5.905821473993521;109.0449487570654;racines post recolte;residus racinaires;labile;0.0;0.0;0.0;0.0
2020;124;sudouest_28_1;mineral_sudouest_28;orgeh;surface;1222.957631498829;11.215169940823044;109.0449487570654;aerien post recolte;residus aeriens;labile;0.0;0.0;0.0;0.0
2020;309;sudouest_29_1;organique_sudouest_29;CP;incorpore;846.0;8.314227891624974;101.75328497456589;racines post recolte;residus racinaires;labile;0.0;0.0;0.0;0.0
2020;309;sudouest_29_1;organique_sudouest_29;CP;surface;2044.0761915532928;20.088552345648864;101.75328497456589;aerien post recolte;residus aeriens;labile;0.0;0.0;0.0;0.0
2020;180;sudouest_30_1;organique_sudouest_30;orgeh;incorpore;644.0;6.948464091037527;92.68235275629661;racines post recolte;residus racinaires;labile;0.0;0.0;0.0;0.0
2020;180;sudouest_30_1;organique_sudouest_30;orgeh;surface;1964.7717143103214;21.19898401237812;92.68235275629664;aerien post recolte;residus aeriens;labile;0.0;0.0;0.0;0.0
2020;128;sudouest_31_1;mineral_sudouest_31;CP;incorpore;846.0;7.413605018715373;114.11452294319756;racines post recolte;residus racinaires;labile;0.0;0.0;0.0;0.0
2020;128;sudouest_31_1;mineral_sudouest_31;CP;surface;1391.0658523025986;12.19008603308998;114.11452294319756;aerien post recolte;residus aeriens;labile;0.0;0.0;0.0;0.0
2020;130;sudouest_32_1;mineral_sudouest_32;orgeh;incorpore;644.0;6.171216634544028;104.35543558706769;racines post recolte;residus racinaires;labile;0.0;0.0;0.0;0.0
2020;130;sudouest_32_1;mineral_sudouest_32;orgeh;surface;1423.9541678434882;13.64523237177645;104.35543558706769;aerien post recolte;residus aeriens;labile;0.0;0.0;0.0;0.0
2020;129;sudouest_33_1;organique_sudouest_33;CP;incorpore;846.0;7.692005185901428;109.98432522518601;racines post recolte;residus racinaires;labile;0.0;0.0;0.0;0.0
2020;129;sudouest_33_1;organique_sudouest_33;CP;surface;1594.7611593893384;14.499894927064972;109.984325225186;aerien post recolte;residus aeriens;labile;0.0;0.0;0.0;0.0
2020;159;sudouest_34_1;organique_sudouest_34;orgeh;incorpore;644.0;6.426480471915041;100.21037219585497;racines post recolte;residus racinaires;labile;0.0;0.0;0.0;0.0
2020;159;sudouest_34_1;organique_sudouest_34;orgeh;surface;1613.8957004921026;16.10507640204991;100.21037219585499;aerien post recolte;residus aeriens;labile;0.0;0.0;0.0;0.0
2020;186;sudouest_35_1;mineral_sudouest_35;CP;incorpore;846.0;8.360696667459099;101.18773992755176;racines post recolte;residus racinaires;labile;0.0;0.0;0.0;0.0
2020;186;sudouest_35_1;mineral_sudouest_35;CP;surface;2075.889854401592;20.51523095473705;101.18773992755176;aerien post recolte;residus aeriens;labile;0.0;0.0;0.0;0.0
2020;341;sudouest_36_1;mineral_sudouest_36;orgeh;incorpore;644.0;6.5524365209789694;98.2840502060725;racines post recolte;residus racinaires;labile;0.0;0.0;0.0;0.0
2020;341;sudouest_36_1;mineral_sudouest_36;orgeh;surface;1704.0584476187341;17.338097524937456;98.2840502060725;aerien post recolte;residus aeriens;labile;0.0;0.0;0.0;0.0
2020;328;sudouest_37_1;organique_sudouest_37;CP;incorpore;846.0;7.419728539919588;114.02034393150029;racines post recolte;residus racinaires;labile;0.0;0.0;0.0;0.0
2020;328;sudouest_37_1;organique_sudouest_37;CP;surface;1395.4766422461482;12.238839088965605;114.0203439315003;aerien post recolte;residus aeriens;labile;0.0;0.0;0.0;0.0
2020;241;sudouest_38_1;organique_sudouest_38;orgeh;incorpore;644.0;6.074799976971649;106.01172095234001;racines post recolte;residus racinaires;labile;0.0;0.0;0.0;0.0
2020;241;sudouest_38_1;organique_sudouest_38;orgeh;surface;1350.8445961012349;12.742407952310648;106.01172095234003;aerien post recolte;residus aeriens;labile;0.0;0.0;0.0;0.0
2020;210;sudouest_39_1;mineral_sudouest_39;CP;incorpore;846.0;7.629325683065713;110.8879126601985;racines post recolte;residus racinaires;labile;0.0;0.0;0.0;0.0
2020;210;sudouest_39_1;mineral_sudouest_39;CP;surface;1548.517124421579;13.964706226969996;110.8879126601985;aerien post recolte;residus aeriens;labile;0.0;0.0;0.0;0.0
2020;276;sudouest_40_1;mineral_sudouest_40;orgeh;incorpore;644.0;6.278534609426301;102.5717050333892;racines post recolte;residus racinaires;labile;0.0;0.0;0.0;0.0
2020;276;sudouest_40_1;mineral_sudouest_40;orgeh;surface;1504.7037390771986;14.669774072561108;102.57170503338921;aerien post recolte;residus aeriens;labile;0.0;0.0;0.0;0.0
2020;232;sudouest_41_1;organique_sudouest_41;CP;incorpore;846.0;7.540748794602478;112.19044991998015;racines post recolte;residus racinaires;labile;0.0;0.0;0.0;0.0
2020;232;sudouest_41_1;organique_sudouest_41;CP;surface;1483.4384790751012;13.222502272993502;112.19044991998015;aerien post recolte;residus aeriens;labile;0.0;0.0;0.0;0.0
2020;282;sudouest_42_1;organique_sudouest_42;orgeh;incorpore;644.0;6.215146515730101;103.61783078968148;racines post recolte;residus racinaires;labile;0.0;0.0;0.0;0.0
2020;282;sudouest_42_1;organique_sudouest_42;orgeh;surface;1457.121226578462;14.062456388766304;103.61783078968148;aerien post recolte;residus aeriens;labile;0.0;0.0;0.0;0.0
2020;312;sudouest_43_1;mineral_sudouest_43;CP;incorpore;846.0;7.887298310902477;107.26106286998031;racines post recolte;residus racinaires;labile;0.0;0.0;0.0;0.0
2020;312;sudouest_43_1;mineral_sudouest_43;CP;surface;1738.8095388518623;16.211004182940197;107.26106286998031;aerien post recolte;residus aeriens;labile;0.0;0.0;0.0;0.0
2020;226;sudouest_44_1;mineral_sudouest_44;orgeh;incorpore;644.0;6.542177855314736;98.43816757088423;racines post recolte;residus racinaires;labile;0.0;0.0;0.0;0.0
2020;226;sudouest_44_1;mineral_sudouest_44;orgeh;surface;1696.8283041356008;17.23750396830308;98.43816757088425;aerien post recolte;residus aeriens;labile;0.0;0.0;0.0;0.0
2020;102;sudouest_45_1;organique_sudouest_45;CP;incorpore;846.0;7.506480788038242;112.7026131004187;racines post recolte;residus racinaires;labile;0.0;0.0;0.0;0.0
2020;102;sudouest_45_1;organique_sudouest_45;CP;surface;1458.3961782147323;12.940216185717828;112.70261310041872;aerien post recolte;residus aeriens;labile;0.0;0.0;0.0;0.0
2020;303;sudouest_47_1;mineral_sudouest_47;CP;incorpore;846.0;7.556352793458531;111.95877470575154;racines post recolte;residus racinaires;labile;0.0;0.0;0.0;0.0
2020;303;sudouest_47_1;mineral_sudouest_47;CP;surface;1494.8700890730197;13.35196899931976;111.95877470575152;aerien post recolte;residus aeriens;labile;0.0;0.0;0.0;0.0
2020;98;sudouest_48_1;mineral_sudouest_48;orgeh;incorpore;644.0;6.3357121368164755;101.64603222071145;racines post recolte;residus racinaires;labile;0.0;0.0;0.0;0.0
2020;98;sudouest_48_1;mineral_sudouest_48;orgeh;surface;1547.257170408295;15.22201247411825;101.64603222071143;aerien post recolte;residus aeriens;labile;0.0;0.0;0.0;0.0
2020;32;copie_sudouest_1_1;mineral_pp_lolium;loliumPerenne;incorpore;366.72162192405517;23.735188787020874;15.45054582100437;senescence hivernale;residus racinaires;labile;0.0;0.0;0.0;0.0
2020;32;copie_sudouest_1_1;mineral_pp_lolium;loliumPerenne;incorpore;237.81142627142427;9.146593318131707;25.99999999999999;aerien senescent;residus aeriens;labile;0.0;0.0;0.0;0.0
2020;121;copie_sudouest_1_1;mineral_pp_lolium;loliumPerenne;incorpore;171.34341381931438;6.590131300742863;25.99999999999999;aerien senescent;residus aeriens;labile;0.0;0.0;0.0;0.0
2020;182;copie_sudouest_1_1;mineral_pp_lolium;loliumPerenne;incorpore;493.50638989591846;18.981014995996855;26.00000000000001;aerien senescent;residus aeriens;labile;0.0;0.0;0.0;0.0
2020;244;copie_sudouest_1_1;mineral_pp_lolium;loliumPerenne;incorpore;607.1875398611069;23.353366917734867;26.000000000000014;aerien senescent;residus aeriens;labile;0.0;0.0;0.0;0.0
2020;244;copie_sudouest_1_1;mineral_pp_lolium;loliumPerenne;incorpore;50.30500976624783;1.323816046480206;38.0;rhizodeposition;residus racinaires;labile;0.0;0.0;0.0;0.0
2020;186;copie_sudouest_2_1;mineral_sudouest_2;maisT;incorpore;1167.0;9.988083499577925;116.83923147511881;racines post recolte;residus racinaires;labile;0.0;0.0;0.0;0.0
2020;186;copie_sudouest_2_1;mineral_sudouest_2;maisT;surface;1877.9380779485846;16.072838328695237;116.83923147511881;aerien post recolte;residus aeriens;labile;0.0;0.0;0.0;0.0
2020;32;copie_beauce_8_1;mineral_pp_lolium_irr;loliumPerenne;incorpore;355.56183605579696;31.41166945645104;11.319418617617439;senescence hivernale;residus racinaires;labile;0.0;0.0;0.0;0.0
2020;32;copie_beauce_8_1;mineral_pp_lolium_irr;loliumPerenne;incorpore;159.39785276471505;6.130686644796732;26.000000000000004;aerien senescent;residus aeriens;labile;0.0;0.0;0.0;0.0
2020;121;copie_beauce_8_1;mineral_pp_lolium_irr;loliumPerenne;incorpore;105.9343029881127;4.074396268773565;26.0;aerien senescent;residus aeriens;labile;0.0;0.0;0.0;0.0
2020;182;copie_beauce_8_1;mineral_pp_lolium_irr;loliumPerenne;incorpore;443.5269801036369;17.058730003986035;26.0;aerien senescent;residus aeriens;labile;0.0;0.0;0.0;0.0
2020;244;copie_beauce_8_1;mineral_pp_lolium_irr;loliumPerenne;incorpore;494.67652764172516;19.026020293912495;26.000000000000014;aerien senescent;residus aeriens;labile;0.0;0.0;0.0;0.0
2020;244;copie_beauce_8_1;mineral_pp_lolium_irr;loliumPerenne;incorpore;44.54721786737988;1.1722952070363126;38.0;rhizodeposition;residus racinaires;labile;0.0;0.0;0.0;0.0
2020;283;copie_oceanique_1_1;organique_oceanique_1;CP;incorpore;846.0;7.793963096158926;108.54554859477479;racines post recolte;residus racinaires;labile;0.0;0.0;0.0;0.0
2020;283;copie_oceanique_1_1;organique_oceanique_1;CP;surface;1670.0637772473715;15.385833862999759;108.54554859477477;aerien post recolte;residus aeriens;labile;0.0;0.0;0.0;0.0
2020;152;copie_oceanique_5_1;organique_oceanique_5;CP;incorpore;846.0;6.847692842310142;123.54526108016739;racines post recolte;residus racinaires;labile;0.0;0.0;0.0;0.0
2020;152;copie_oceanique_5_1;organique_oceanique_5;CP;surface;1013.2033933714008;8.20107047824313;123.54526108016739;aerien post recolte;residus aeriens;labile;0.0;0.0;0.0;0.0
2020;132;copie_sudouest_18_1;mineral_sudouest_18;maisT;incorpore;1167.0;8.541770944549826;136.62272233425054;racines post recolte;residus racinaires;labile;0.0;0.0;0.0;0.0
2020;132;copie_sudouest_18_1;mineral_sudouest_18;maisT;surface;1060.5500976852695;7.762618688643973;136.62272233425054;aerien post recolte;residus aeriens;labile;0.0;0.0;0.0;0.0
2020;249;copie_sudouest_22_1;mineral_sudouest_22;maisT;incorpore;1167.0;10.290875729941204;113.40142769430445;racines post recolte;residus racinaires;labile;0.0;0.0;0.0;0.0
2020;249;copie_sudouest_22_1;mineral_sudouest_22;maisT;surface;2079.0966879371713;18.333955138040942;113.40142769430445;aerien post recolte;residus aeriens;labile;0.0;0.0;0.0;0.0
2020;339;copie_beauce_10_1;mineral_beauce_10;orgeh;incorpore;644.0;6.602696968259881;97.53590132877537;racines post recolte;residus racinaires;labile;0.0;0.0;0.0;0.0
2020;339;copie_beauce_10_1;mineral_beauce_10;orgeh;surface;1739.1667591308133;17.83104206181892;97.53590132877535;aerien post recolte;residus aeriens;labile;0.0;0.0;0.0;0.0
2020;131;copie_beauce_44_1;organique_beauce_44;maisT;incorpore;1167.0;7.5634569856804195;154.29452460818285;racines post recolte;residus racinaires;labile;0.0;0.0;0.0;0.0
2020;131;copie_beauce_44_1;organique_beauce_44;maisT;surface;708.010914325048;4.588697597163466;154.29452460818288;aerien post recolte;residus aeriens;labile;0.0;0.0;0.0;0.0
2020;143;copie_oceanique_14_1;organique_oceanique_14;maisT;incorpore;1167.0;7.665583773988887;152.23889457185285;racines post recolte;residus racinaires;labile;0.0;0.0;0.0;0.0
2020;143;copie_oceanique_14_1;organique_oceanique_14;maisT;surface;737.9520765478462;4.847329446415231;152.23889457185285;aerien post recolte;residus aeriens;labile;0.0;0.0;0.0;0.0
2021;103;sudouest_5_1;organique_sudouest_5;maisT;incorpore;1167.0;10.58723304223043;110.2271004468365;racines post recolte;residus racinaires;labile;0.0;0.0;0.0;0.0
2021;103;sudouest_5_1;organique_sudouest_5;maisT;surface;2277.0593157452354;20.65788999723785;110.2271004468365;aerien post recolte;residus aeriens;labile;0.0;0.0;0.0;0.0
2021;34;oceanique_9_1;organique_oceanique_9;maisT;incorpore;1167.0;10.792009391977986;108.1355619341348;racines post recolte;residus racinaires;labile;0.0;0.0;0.0;0.0
2021;34;oceanique_9_1;organique_oceanique_9;maisT;surface;2412.3397303215606;22.30847731471459;108.1355619341348;aerien post recolte;residus aeriens;labile;0.0;0.0;0.0;0.0
2021;22;sudouest_46_1;organique_sudouest_46;orgeh;incorpore;644.0;6.441874664754669;99.9708987701216;racines post recolte;residus racinaires;labile;0.0;0.0;0.0;0.0
2021;22;sudouest_46_1;organique_sudouest_46;orgeh;surface;1625.0692818523933;16.25542334663975;99.97089877012158;aerien post recolte;residus aeriens;labile;0.0;0.0;0.0;0.0
2021;32;copie_sudouest_1_1;mineral_pp_lolium;loliumPerenne;incorpore;533.5850675088594;20.414244110845274;26.137880227727216;senescence hivernale;residus racinaires;labile;0.0;0.0;0.0;0.0
2021;32;copie_sudouest_1_1;mineral_pp_lolium;loliumPerenne;incorpore;1011.6168766721078;38.908341410465674;26.000000000000007;aerien senescent;residus aeriens;labile;0.0;0.0;0.0;0.0
2021;121;copie_sudouest_1_1;mineral_pp_lolium;loliumPerenne;incorpore;28.85755539288902;1.1099059766495776;26.0;aerien senescent;residus aeriens;labile;0.0;0.0;0.0;0.0
2021;182;copie_sudouest_1_1;mineral_pp_lolium;loliumPerenne;incorpore;534.5615221910946;20.56005854581133;26.0;aerien senescent;residus aeriens;labile;0.0;0.0;0.0;0.0
2021;244;copie_sudouest_1_1;mineral_pp_lolium;loliumPerenne;incorpore;688.2564805184152;26.471403096862115;26.000000000000007;aerien senescent;residus aeriens;labile;0.0;0.0;0.0;0.0
2021;244;copie_sudouest_1_1;mineral_pp_lolium;loliumPerenne;incorpore;136.4220086577053;3.5900528594132974;38.0;rhizodeposition;residus racinaires;labile;0.0;0.0;0.0;0.0
2021;32;copie_beauce_8_1;mineral_pp_lolium_irr;loliumPerenne;incorpore;394.27525791129165;18.873189078043385;20.89075970578719;senescence hivernale;residus racinaires;labile;0.0;0.0;0.0;0.0
2021;32;copie_beauce_8_1;mineral_pp_lolium_irr;loliumPerenne;incorpore;684.2051544978202;26.315582865300776;26.0;aerien senescent;residus aeriens;labile;0.0;0.0;0.0;0.0
2021;121;copie_beauce_8_1;mineral_pp_lolium_irr;loliumPerenne;incorpore;21.601979955735267;0.830845382912895;25.999999999999996;aerien senescent;residus aeriens;labile;0.0;0.0;0.0;0.0
2021;182;copie_beauce_8_1;mineral_pp_lolium_irr;loliumPerenne;incorpore;363.6493790330185;13.986514578193018;26.0;aerien senescent;residus aeriens;labile;0.0;0.0;0.0;0.0
2021;244;copie_beauce_8_1;mineral_pp_lolium_irr;loliumPerenne;incorpore;642.1462577174482;24.697932989132617;26.000000000000004;aerien senescent;residus aeriens;labile;0.0;0.0;0.0;0.0
2021;244;copie_beauce_8_1;mineral_pp_lolium_irr;loliumPerenne;incorpore;102.25672992343557;2.690966576932515;38.0;rhizodeposition;residus racinaires;labile;0.0;0.0;0.0;0.0
