annee;jourDebut;jourFin;parcelle;couvert;itk;delta_Corg[kg_eqCO2/ha];tx_MO_fin[%];emissions_N2O_denit[kg_eqCO2/ha];emissions_N2O_nit[kg_eqCO2/ha];emissions_volat[kg_eqCO2/ha];emissions_lixiv[kg_eqCO2/ha];emissions_ferti[kg_eqCO2/ha];bilan_net_GES[kg_eqCO2/ha];ratio_Corg_Arg[%]
2019;213;281;beauce_5_sa_000;solnu;;805.46;1.71;0.0;5.49;0.0;0.0;0.0;810.96;0.07
2019;282;365;beauce_5_sa_000;orgeh;orgeH_tousSols_nonirr_organique;553.26;1.71;27.14;3.77;0.0;1.0;0.0;585.17;0.07
2019;213;293;beauce_5_sa_001;solnu;;865.24;1.71;0.0;5.93;0.0;0.0;0.0;871.17;0.07
2019;294;365;beauce_5_sa_001;orgeh;orgeH_tousSols_nonirr_organique;493.28;1.71;34.74;3.33;0.0;0.92;0.0;532.27;0.07
2019;213;263;beauce_5_sa_002;solnu;;669.81;1.71;0.0;4.64;0.0;0.0;0.0;674.45;0.07
2019;264;365;beauce_5_sa_002;orgeh;orgeH_tousSols_nonirr_organique;687.39;1.71;12.96;4.61;0.0;1.17;0.0;706.14;0.07
2019;213;259;beauce_5_sa_003;solnu;;644.25;1.71;0.0;4.41;0.0;0.0;0.0;648.66;0.07
2019;260;365;beauce_5_sa_003;orgeh;orgeH_tousSols_nonirr_organique;714.84;1.71;4.68;4.85;0.0;1.15;0.0;725.51;0.07
2019;213;316;beauce_5_sa_004;solnu;;1043.48;1.71;11.17;7.13;0.0;0.0;0.0;1061.78;0.07
2019;317;365;beauce_5_sa_004;orgeh;orgeH_tousSols_nonirr_organique;315.19;1.71;26.1;2.13;0.0;0.94;0.0;344.37;0.07
2019;213;280;beauce_5_sa_005;solnu;;798.8;1.71;0.0;5.47;0.0;0.0;0.0;804.27;0.07
2019;281;365;beauce_5_sa_005;orgeh;orgeH_tousSols_nonirr_organique;559.75;1.71;26.73;3.78;0.0;1.0;0.0;591.26;0.07
2019;213;288;beauce_5_sa_006;solnu;;835.97;1.71;0.0;5.71;0.0;0.0;0.0;841.69;0.07
2019;289;365;beauce_5_sa_006;orgeh;orgeH_tousSols_nonirr_organique;522.81;1.71;30.77;3.55;0.0;0.96;0.0;558.09;0.07
2019;213;274;beauce_5_sa_007;solnu;;767.25;1.71;0.0;5.26;0.0;0.0;0.0;772.51;0.07
2019;275;365;beauce_5_sa_007;orgeh;orgeH_tousSols_nonirr_organique;590.92;1.71;23.33;4.0;0.0;1.05;0.0;619.3;0.07
2019;213;305;beauce_5_sa_008;solnu;;948.08;1.71;0.0;6.48;0.0;0.0;0.0;954.56;0.07
2019;306;365;beauce_5_sa_008;orgeh;orgeH_tousSols_nonirr_organique;410.57;1.71;36.57;2.78;0.0;0.93;0.0;450.85;0.07
2019;213;304;beauce_5_sa_009;solnu;;940.99;1.71;0.0;6.44;0.0;0.0;0.0;947.43;0.07
2019;305;365;beauce_5_sa_009;orgeh;orgeH_tousSols_nonirr_organique;417.63;1.71;36.51;2.82;0.0;0.91;0.0;457.86;0.07
2019;213;282;beauce_5_sa_010;solnu;;808.19;1.71;0.0;5.51;0.0;0.0;0.0;813.71;0.07
2019;283;365;beauce_5_sa_010;orgeh;orgeH_tousSols_nonirr_organique;550.84;1.71;28.1;3.75;0.0;1.02;0.0;583.7;0.07
2019;213;278;beauce_5_sa_011;solnu;;790.62;1.71;0.0;5.4;0.0;0.0;0.0;796.02;0.07
2019;279;365;beauce_5_sa_011;orgeh;orgeH_tousSols_nonirr_organique;566.96;1.71;26.23;3.85;0.0;0.99;0.0;598.04;0.07
2019;213;265;beauce_5_sa_012;solnu;;688.17;1.71;0.0;4.74;0.0;0.0;0.0;692.9;0.07
2019;266;365;beauce_5_sa_012;orgeh;orgeH_tousSols_nonirr_organique;670.52;1.71;13.27;4.52;0.0;1.2;0.0;689.51;0.07
2019;213;295;beauce_5_sa_013;solnu;;879.11;1.71;0.0;6.02;0.0;0.0;0.0;885.13;0.07
2019;296;365;beauce_5_sa_013;orgeh;orgeH_tousSols_nonirr_organique;479.59;1.71;35.28;3.24;0.0;0.94;0.0;519.05;0.07
2019;213;261;beauce_5_sa_014;solnu;;654.06;1.71;0.0;4.5;0.0;0.0;0.0;658.56;0.07
2019;262;365;beauce_5_sa_014;orgeh;orgeH_tousSols_nonirr_organique;704.91;1.71;6.87;4.76;0.0;1.16;0.0;717.69;0.07
2019;213;304;beauce_5_sa_015;solnu;;941.0;1.71;0.0;6.44;0.0;0.0;0.0;947.44;0.07
2019;305;365;beauce_5_sa_015;orgeh;orgeH_tousSols_nonirr_organique;417.63;1.71;36.51;2.82;0.0;0.92;0.0;457.88;0.07
2019;213;294;beauce_5_sa_016;solnu;;872.5;1.71;0.0;5.97;0.0;0.0;0.0;878.47;0.07
2019;295;365;beauce_5_sa_016;orgeh;orgeH_tousSols_nonirr_organique;485.61;1.71;35.06;3.28;0.0;0.89;0.0;524.85;0.07
2019;213;295;beauce_5_sa_017;solnu;;879.11;1.71;0.0;6.02;0.0;0.0;0.0;885.13;0.07
2019;296;365;beauce_5_sa_017;orgeh;orgeH_tousSols_nonirr_organique;479.59;1.71;35.28;3.24;0.0;0.94;0.0;519.05;0.07
2019;213;284;beauce_5_sa_018;solnu;;818.55;1.71;0.0;5.59;0.0;0.0;0.0;824.14;0.07
2019;285;365;beauce_5_sa_018;orgeh;orgeH_tousSols_nonirr_organique;539.29;1.71;28.91;3.67;0.0;0.94;0.0;572.81;0.07
2019;213;304;beauce_5_sa_019;solnu;;940.88;1.71;0.0;6.44;0.0;0.0;0.0;947.32;0.07
2019;305;365;beauce_5_sa_019;orgeh;orgeH_tousSols_nonirr_organique;417.61;1.71;36.5;2.82;0.0;0.89;0.0;457.82;0.07
2019;213;276;beauce_5_sa_020;solnu;;779.74;1.71;0.0;5.32;0.0;0.0;0.0;785.06;0.07
2019;277;365;beauce_5_sa_020;orgeh;orgeH_tousSols_nonirr_organique;579.25;1.71;24.14;3.94;0.0;1.06;0.0;608.39;0.07
2019;213;308;beauce_5_sa_021;solnu;;975.39;1.71;5.3;6.67;0.0;0.0;0.0;987.36;0.07
2019;309;365;beauce_5_sa_021;orgeh;orgeH_tousSols_nonirr_organique;383.02;1.71;31.43;2.59;0.0;0.91;0.0;417.95;0.07
2019;213;263;beauce_5_sa_022;solnu;;670.02;1.71;0.0;4.64;0.0;0.0;0.0;674.66;0.07
2019;264;365;beauce_5_sa_022;orgeh;orgeH_tousSols_nonirr_organique;689.22;1.71;10.58;4.62;0.0;1.17;0.0;705.6;0.07
2019;213;283;beauce_5_sa_023;solnu;;811.3;1.71;0.0;5.57;0.0;0.0;0.0;816.87;0.07
2019;284;365;beauce_5_sa_023;orgeh;orgeH_tousSols_nonirr_organique;547.55;1.71;27.96;3.69;0.0;0.99;0.0;580.19;0.07
2019;213;305;beauce_5_sa_024;solnu;;948.08;1.71;0.0;6.48;0.0;0.0;0.0;954.56;0.07
2019;306;365;beauce_5_sa_024;orgeh;orgeH_tousSols_nonirr_organique;410.57;1.71;36.57;2.78;0.0;0.93;0.0;450.85;0.07
2019;213;295;beauce_5_sa_025;solnu;;879.11;1.71;0.0;6.02;0.0;0.0;0.0;885.13;0.07
2019;296;365;beauce_5_sa_025;orgeh;orgeH_tousSols_nonirr_organique;479.59;1.71;35.28;3.24;0.0;0.94;0.0;519.05;0.07
2019;213;286;beauce_5_sa_026;solnu;;825.97;1.71;0.0;5.66;0.0;0.0;0.0;831.63;0.07
2019;287;365;beauce_5_sa_026;orgeh;orgeH_tousSols_nonirr_organique;532.63;1.71;29.71;3.6;0.0;0.95;0.0;566.9;0.07
2019;213;278;beauce_5_sa_027;solnu;;790.91;1.71;0.0;5.4;0.0;0.0;0.0;796.32;0.07
2019;279;365;beauce_5_sa_027;orgeh;orgeH_tousSols_nonirr_organique;568.03;1.71;25.52;3.86;0.0;1.05;0.0;598.46;0.07
2019;213;296;beauce_5_sa_028;solnu;;885.68;1.71;0.0;6.07;0.0;0.0;0.0;891.75;0.07
2019;297;365;beauce_5_sa_028;orgeh;orgeH_tousSols_nonirr_organique;473.01;1.71;35.6;3.19;0.0;0.94;0.0;512.74;0.07
2019;213;260;beauce_5_sa_029;solnu;;649.39;1.71;0.0;4.44;0.0;0.0;0.0;653.84;0.07
2019;261;365;beauce_5_sa_029;orgeh;orgeH_tousSols_nonirr_organique;714.99;1.71;4.98;4.85;0.0;1.2;0.0;726.03;0.07
2019;213;306;beauce_5_sa_030;solnu;;953.47;1.71;1.84;6.53;0.0;0.0;0.0;961.85;0.07
2019;307;365;beauce_5_sa_030;orgeh;orgeH_tousSols_nonirr_organique;405.17;1.71;34.82;2.73;0.0;0.93;0.0;443.64;0.07
2019;213;295;beauce_5_sa_031;solnu;;879.07;1.71;0.0;6.02;0.0;0.0;0.0;885.09;0.07
2019;296;365;beauce_5_sa_031;orgeh;orgeH_tousSols_nonirr_organique;479.48;1.71;35.27;3.24;0.0;0.92;0.0;518.9;0.07
2019;213;307;beauce_5_sa_032;solnu;;960.93;1.71;4.82;6.63;0.0;0.0;0.0;972.38;0.07
2019;308;365;beauce_5_sa_032;orgeh;orgeH_tousSols_nonirr_organique;397.75;1.71;31.92;2.63;0.0;0.94;0.0;433.23;0.07
2019;213;300;beauce_5_sa_033;solnu;;914.26;1.71;0.0;6.27;0.0;0.0;0.0;920.52;0.07
2019;301;365;beauce_5_sa_033;orgeh;orgeH_tousSols_nonirr_organique;444.41;1.71;36.32;2.99;0.0;0.93;0.0;484.65;0.07
2019;213;298;beauce_5_sa_034;solnu;;902.6;1.71;0.0;6.18;0.0;0.0;0.0;908.77;0.07
2019;299;365;beauce_5_sa_034;orgeh;orgeH_tousSols_nonirr_organique;456.07;1.71;35.94;3.08;0.0;0.93;0.0;496.02;0.07
2019;213;285;beauce_5_sa_035;solnu;;822.22;1.71;0.0;5.61;0.0;0.0;0.0;827.83;0.07
2019;286;365;beauce_5_sa_035;orgeh;orgeH_tousSols_nonirr_organique;536.22;1.71;29.21;3.64;0.0;0.94;0.0;570.02;0.07
2019;213;263;beauce_5_sa_036;solnu;;670.02;1.71;0.0;4.64;0.0;0.0;0.0;674.66;0.07
2019;264;365;beauce_5_sa_036;orgeh;orgeH_tousSols_nonirr_organique;689.22;1.71;10.58;4.62;0.0;1.17;0.0;705.6;0.07
2019;213;304;beauce_5_sa_037;solnu;;941.0;1.71;0.0;6.44;0.0;0.0;0.0;947.44;0.07
2019;305;365;beauce_5_sa_037;orgeh;orgeH_tousSols_nonirr_organique;417.63;1.71;36.51;2.82;0.0;0.92;0.0;457.88;0.07
2019;213;274;beauce_5_sa_038;solnu;;767.29;1.71;0.0;5.26;0.0;0.0;0.0;772.54;0.07
2019;275;365;beauce_5_sa_038;orgeh;orgeH_tousSols_nonirr_organique;591.67;1.71;22.54;4.0;0.0;1.08;0.0;619.29;0.07
2019;213;314;beauce_5_sa_039;solnu;;1024.17;1.71;10.4;7.03;0.0;0.0;0.0;1041.59;0.07
2019;315;365;beauce_5_sa_039;orgeh;orgeH_tousSols_nonirr_organique;334.49;1.71;26.75;2.23;0.0;0.93;0.0;364.4;0.07
2019;213;298;beauce_5_sa_040;solnu;;902.57;1.71;0.0;6.18;0.0;0.0;0.0;908.74;0.07
2019;299;365;beauce_5_sa_040;orgeh;orgeH_tousSols_nonirr_organique;456.0;1.71;35.93;3.08;0.0;0.91;0.0;495.92;0.07
2019;213;272;beauce_5_sa_041;solnu;;753.24;1.71;0.0;5.16;0.0;0.0;0.0;758.4;0.07
2019;273;365;beauce_5_sa_041;orgeh;orgeH_tousSols_nonirr_organique;606.31;1.71;21.08;4.1;0.0;1.09;0.0;632.59;0.07
2019;213;294;beauce_5_sa_042;solnu;;872.12;1.71;0.0;5.97;0.0;0.0;0.0;878.09;0.07
2019;295;365;beauce_5_sa_042;orgeh;orgeH_tousSols_nonirr_organique;485.42;1.71;35.04;3.28;0.0;0.87;0.0;524.61;0.07
2019;213;318;beauce_5_sa_043;solnu;;1064.16;1.71;12.94;7.26;0.0;0.0;0.0;1084.36;0.07
2019;319;365;beauce_5_sa_043;orgeh;orgeH_tousSols_nonirr_organique;294.51;1.71;24.39;2.0;0.0;0.94;0.0;321.84;0.07
2019;213;313;beauce_5_sa_044;solnu;;1014.2;1.71;7.65;6.96;0.0;0.0;0.0;1028.81;0.07
2019;314;365;beauce_5_sa_044;orgeh;orgeH_tousSols_nonirr_organique;344.47;1.71;29.47;2.3;0.0;0.94;0.0;377.18;0.07
2019;213;293;beauce_5_sa_045;solnu;;865.24;1.71;0.0;5.93;0.0;0.0;0.0;871.17;0.07
2019;294;365;beauce_5_sa_045;orgeh;orgeH_tousSols_nonirr_organique;493.28;1.71;34.74;3.33;0.0;0.92;0.0;532.27;0.07
2019;213;304;beauce_5_sa_046;solnu;;941.0;1.71;0.0;6.44;0.0;0.0;0.0;947.44;0.07
2019;305;365;beauce_5_sa_046;orgeh;orgeH_tousSols_nonirr_organique;417.63;1.71;36.51;2.82;0.0;0.92;0.0;457.88;0.07
2019;213;315;beauce_5_sa_047;solnu;;1034.53;1.71;10.88;7.09;0.0;0.0;0.0;1052.5;0.07
2019;316;365;beauce_5_sa_047;orgeh;orgeH_tousSols_nonirr_organique;324.08;1.71;26.31;2.17;0.0;0.93;0.0;353.48;0.07
2019;213;285;beauce_5_sa_048;solnu;;822.26;1.71;0.0;5.61;0.0;0.0;0.0;827.87;0.07
2019;286;365;beauce_5_sa_048;orgeh;orgeH_tousSols_nonirr_organique;536.51;1.71;29.2;3.65;0.0;0.97;0.0;570.31;0.07
2019;213;310;beauce_5_sa_049;solnu;;986.4;1.71;5.85;6.76;0.0;0.0;0.0;999.0;0.07
2019;311;365;beauce_5_sa_049;orgeh;orgeH_tousSols_nonirr_organique;372.28;1.71;31.05;2.5;0.0;0.94;0.0;406.77;0.07
2019;213;280;beauce_5_sa_050;solnu;;798.81;1.71;0.0;5.47;0.0;0.0;0.0;804.28;0.07
2019;281;365;beauce_5_sa_050;orgeh;orgeH_tousSols_nonirr_organique;560.1;1.71;26.42;3.79;0.0;1.02;0.0;591.33;0.07
2019;213;305;beauce_5_sa_051;solnu;;948.08;1.71;0.0;6.48;0.0;0.0;0.0;954.56;0.07
2019;306;365;beauce_5_sa_051;orgeh;orgeH_tousSols_nonirr_organique;410.57;1.71;36.57;2.78;0.0;0.93;0.0;450.85;0.07
2019;213;296;beauce_5_sa_052;solnu;;885.68;1.71;0.0;6.07;0.0;0.0;0.0;891.75;0.07
2019;297;365;beauce_5_sa_052;orgeh;orgeH_tousSols_nonirr_organique;473.01;1.71;35.6;3.19;0.0;0.94;0.0;512.74;0.07
2019;213;277;beauce_5_sa_053;solnu;;782.96;1.71;0.0;5.37;0.0;0.0;0.0;788.33;0.07
2019;278;365;beauce_5_sa_053;orgeh;orgeH_tousSols_nonirr_organique;576.06;1.71;24.74;3.89;0.0;1.06;0.0;605.74;0.07
2019;213;272;beauce_5_sa_054;solnu;;753.24;1.71;0.0;5.16;0.0;0.0;0.0;758.4;0.07
2019;273;365;beauce_5_sa_054;orgeh;orgeH_tousSols_nonirr_organique;606.31;1.71;21.08;4.1;0.0;1.09;0.0;632.59;0.07
2019;213;317;beauce_5_sa_055;solnu;;1049.66;1.71;12.75;7.23;0.0;0.0;0.0;1069.64;0.07
2019;318;365;beauce_5_sa_055;orgeh;orgeH_tousSols_nonirr_organique;309.02;1.71;24.54;2.03;0.0;0.95;0.0;336.53;0.07
2019;213;274;beauce_5_sa_056;solnu;;767.06;1.71;0.0;5.26;0.0;0.0;0.0;772.32;0.07
2019;275;365;beauce_5_sa_056;orgeh;orgeH_tousSols_nonirr_organique;590.45;1.71;23.54;3.99;0.0;1.03;0.0;619.02;0.07
2019;213;291;beauce_5_sa_057;solnu;;847.21;1.71;0.0;5.81;0.0;0.0;0.0;853.01;0.07
2019;292;365;beauce_5_sa_057;orgeh;orgeH_tousSols_nonirr_organique;509.42;1.71;33.2;3.44;0.0;0.84;0.0;546.89;0.07
2019;213;300;beauce_5_sa_058;solnu;;914.35;1.71;0.0;6.27;0.0;0.0;0.0;920.61;0.07
2019;301;365;beauce_5_sa_058;orgeh;orgeH_tousSols_nonirr_organique;444.43;1.71;36.31;2.99;0.0;0.93;0.0;484.66;0.07
2019;213;286;beauce_5_sa_059;solnu;;825.98;1.71;0.0;5.66;0.0;0.0;0.0;831.64;0.07
2019;287;365;beauce_5_sa_059;orgeh;orgeH_tousSols_nonirr_organique;532.84;1.71;29.64;3.6;0.0;0.97;0.0;567.05;0.07
2019;213;271;beauce_5_sa_060;solnu;;744.5;1.71;0.0;5.12;0.0;0.0;0.0;749.61;0.07
2019;272;365;beauce_5_sa_060;orgeh;orgeH_tousSols_nonirr_organique;613.35;1.71;20.6;4.13;0.0;1.08;0.0;639.17;0.07
2019;213;259;beauce_5_sa_061;solnu;;644.25;1.71;0.0;4.41;0.0;0.0;0.0;648.66;0.07
2019;260;365;beauce_5_sa_061;orgeh;orgeH_tousSols_nonirr_organique;714.92;1.71;4.56;4.85;0.0;1.15;0.0;725.48;0.07
2019;213;314;beauce_5_sa_062;solnu;;1024.17;1.71;10.4;7.03;0.0;0.0;0.0;1041.6;0.07
2019;315;365;beauce_5_sa_062;orgeh;orgeH_tousSols_nonirr_organique;334.51;1.71;26.76;2.23;0.0;0.95;0.0;364.45;0.07
2019;213;282;beauce_5_sa_063;solnu;;808.19;1.71;0.0;5.51;0.0;0.0;0.0;813.71;0.07
2019;283;365;beauce_5_sa_063;orgeh;orgeH_tousSols_nonirr_organique;550.84;1.71;28.1;3.75;0.0;1.02;0.0;583.7;0.07
2019;213;265;beauce_5_sa_064;solnu;;689.17;1.71;0.0;4.75;0.0;0.0;0.0;693.92;0.07
2019;266;365;beauce_5_sa_064;orgeh;orgeH_tousSols_nonirr_organique;671.15;1.71;14.75;4.52;0.0;1.21;0.0;691.64;0.07
2019;213;293;beauce_5_sa_065;solnu;;864.51;1.71;0.0;5.93;0.0;0.0;0.0;870.44;0.07
2019;294;365;beauce_5_sa_065;orgeh;orgeH_tousSols_nonirr_organique;492.78;1.71;34.7;3.32;0.0;0.86;0.0;531.66;0.07
2019;213;313;beauce_5_sa_066;solnu;;1014.2;1.71;7.65;6.96;0.0;0.0;0.0;1028.81;0.07
2019;314;365;beauce_5_sa_066;orgeh;orgeH_tousSols_nonirr_organique;344.46;1.71;29.46;2.3;0.0;0.94;0.0;377.16;0.07
2019;213;280;beauce_5_sa_067;solnu;;798.81;1.71;0.0;5.47;0.0;0.0;0.0;804.28;0.07
2019;281;365;beauce_5_sa_067;orgeh;orgeH_tousSols_nonirr_organique;560.1;1.71;26.42;3.79;0.0;1.02;0.0;591.33;0.07
2019;213;316;beauce_5_sa_068;solnu;;1043.48;1.71;11.17;7.13;0.0;0.0;0.0;1061.78;0.07
2019;317;365;beauce_5_sa_068;orgeh;orgeH_tousSols_nonirr_organique;315.2;1.71;26.11;2.13;0.0;0.95;0.0;344.39;0.07
2019;213;317;beauce_5_sa_069;solnu;;1049.66;1.71;12.75;7.23;0.0;0.0;0.0;1069.64;0.07
2019;318;365;beauce_5_sa_069;orgeh;orgeH_tousSols_nonirr_organique;309.02;1.71;24.54;2.03;0.0;0.95;0.0;336.53;0.07
2019;213;296;beauce_5_sa_070;solnu;;885.67;1.71;0.0;6.07;0.0;0.0;0.0;891.74;0.07
2019;297;365;beauce_5_sa_070;orgeh;orgeH_tousSols_nonirr_organique;472.95;1.71;35.59;3.19;0.0;0.92;0.0;512.65;0.07
2019;213;286;beauce_5_sa_071;solnu;;825.97;1.71;0.0;5.66;0.0;0.0;0.0;831.63;0.07
2019;287;365;beauce_5_sa_071;orgeh;orgeH_tousSols_nonirr_organique;532.63;1.71;29.71;3.6;0.0;0.95;0.0;566.9;0.07
2019;213;317;beauce_5_sa_072;solnu;;1049.66;1.71;12.75;7.23;0.0;0.0;0.0;1069.64;0.07
2019;318;365;beauce_5_sa_072;orgeh;orgeH_tousSols_nonirr_organique;309.02;1.71;24.54;2.03;0.0;0.95;0.0;336.53;0.07
2019;213;308;beauce_5_sa_073;solnu;;975.66;1.71;5.35;6.67;0.0;0.0;0.0;987.68;0.07
2019;309;365;beauce_5_sa_073;orgeh;orgeH_tousSols_nonirr_organique;383.02;1.71;31.41;2.59;0.0;0.94;0.0;417.95;0.07
2019;213;297;beauce_5_sa_074;solnu;;893.11;1.71;0.0;6.13;0.0;0.0;0.0;899.24;0.07
2019;298;365;beauce_5_sa_074;orgeh;orgeH_tousSols_nonirr_organique;465.58;1.71;35.78;3.12;0.0;0.94;0.0;505.43;0.07
2019;213;317;beauce_5_sa_075;solnu;;1049.61;1.71;12.73;7.23;0.0;0.0;0.0;1069.57;0.07
2019;318;365;beauce_5_sa_075;orgeh;orgeH_tousSols_nonirr_organique;309.02;1.71;24.55;2.03;0.0;0.93;0.0;336.53;0.07
2019;213;267;beauce_5_sa_076;solnu;;704.38;1.71;0.0;4.88;0.0;0.0;0.0;709.26;0.07
2019;268;365;beauce_5_sa_076;orgeh;orgeH_tousSols_nonirr_organique;654.12;1.71;15.79;4.38;0.0;1.22;0.0;675.5;0.07
2019;213;268;beauce_5_sa_077;solnu;;718.35;1.71;0.0;4.95;0.0;0.0;0.0;723.29;0.07
2019;269;365;beauce_5_sa_077;orgeh;orgeH_tousSols_nonirr_organique;640.68;1.71;15.93;4.31;0.0;1.24;0.0;662.16;0.07
2019;213;261;beauce_5_sa_078;solnu;;654.04;1.71;0.0;4.5;0.0;0.0;0.0;658.54;0.07
2019;262;365;beauce_5_sa_078;orgeh;orgeH_tousSols_nonirr_organique;704.41;1.71;7.53;4.76;0.0;1.15;0.0;717.85;0.07
2019;213;275;beauce_5_sa_079;solnu;;772.86;1.71;0.0;5.29;0.0;0.0;0.0;778.15;0.07
2019;276;365;beauce_5_sa_079;orgeh;orgeH_tousSols_nonirr_organique;583.28;1.71;24.79;3.95;0.0;1.01;0.0;613.03;0.07
2019;213;296;beauce_5_sa_080;solnu;;885.68;1.71;0.0;6.07;0.0;0.0;0.0;891.75;0.07
2019;297;365;beauce_5_sa_080;orgeh;orgeH_tousSols_nonirr_organique;473.01;1.71;35.6;3.19;0.0;0.94;0.0;512.74;0.07
2019;213;289;beauce_5_sa_081;solnu;;840.45;1.71;0.0;5.74;0.0;0.0;0.0;846.19;0.07
2019;290;365;beauce_5_sa_081;orgeh;orgeH_tousSols_nonirr_organique;518.51;1.71;31.75;3.52;0.0;0.98;0.0;554.77;0.07
2019;213;287;beauce_5_sa_082;solnu;;832.72;1.71;0.0;5.68;0.0;0.0;0.0;838.4;0.07
2019;288;365;beauce_5_sa_082;orgeh;orgeH_tousSols_nonirr_organique;525.94;1.71;30.13;3.58;0.0;0.95;0.0;560.59;0.07
2019;213;294;beauce_5_sa_083;solnu;;872.78;1.71;0.0;5.97;0.0;0.0;0.0;878.75;0.07
2019;295;365;beauce_5_sa_083;orgeh;orgeH_tousSols_nonirr_organique;485.93;1.71;35.08;3.28;0.0;0.94;0.0;525.23;0.07
2019;213;276;beauce_5_sa_084;solnu;;779.74;1.71;0.0;5.32;0.0;0.0;0.0;785.06;0.07
2019;277;365;beauce_5_sa_084;orgeh;orgeH_tousSols_nonirr_organique;579.07;1.71;24.38;3.94;0.0;1.05;0.0;608.44;0.07
2019;213;285;beauce_5_sa_085;solnu;;822.26;1.71;0.0;5.61;0.0;0.0;0.0;827.87;0.07
2019;286;365;beauce_5_sa_085;orgeh;orgeH_tousSols_nonirr_organique;536.55;1.71;29.11;3.65;0.0;0.97;0.0;570.27;0.07
2019;213;317;beauce_5_sa_086;solnu;;1049.66;1.71;12.74;7.23;0.0;0.0;0.0;1069.64;0.07
2019;318;365;beauce_5_sa_086;orgeh;orgeH_tousSols_nonirr_organique;309.02;1.71;24.54;2.03;0.0;0.95;0.0;336.53;0.07
2019;213;265;beauce_5_sa_087;solnu;;689.02;1.71;0.0;4.74;0.0;0.0;0.0;693.77;0.07
2019;266;365;beauce_5_sa_087;orgeh;orgeH_tousSols_nonirr_organique;671.35;1.71;14.96;4.53;0.0;1.21;0.0;692.04;0.07
2019;213;289;beauce_5_sa_088;solnu;;840.45;1.71;0.0;5.74;0.0;0.0;0.0;846.19;0.07
2019;290;365;beauce_5_sa_088;orgeh;orgeH_tousSols_nonirr_organique;518.51;1.71;31.75;3.52;0.0;0.98;0.0;554.77;0.07
2019;213;263;beauce_5_sa_089;solnu;;670.02;1.71;0.0;4.64;0.0;0.0;0.0;674.66;0.07
2019;264;365;beauce_5_sa_089;orgeh;orgeH_tousSols_nonirr_organique;689.22;1.71;10.58;4.62;0.0;1.17;0.0;705.6;0.07
2019;213;278;beauce_5_sa_090;solnu;;790.91;1.71;0.0;5.4;0.0;0.0;0.0;796.32;0.07
2019;279;365;beauce_5_sa_090;orgeh;orgeH_tousSols_nonirr_organique;568.03;1.71;25.52;3.86;0.0;1.05;0.0;598.46;0.07
2019;213;272;beauce_5_sa_091;solnu;;753.12;1.71;0.0;5.16;0.0;0.0;0.0;758.28;0.07
2019;273;365;beauce_5_sa_091;orgeh;orgeH_tousSols_nonirr_organique;604.72;1.71;22.61;4.09;0.0;1.09;0.0;632.51;0.07
2019;213;301;beauce_5_sa_092;solnu;;921.91;1.71;0.0;6.31;0.0;0.0;0.0;928.22;0.07
2019;302;365;beauce_5_sa_092;orgeh;orgeH_tousSols_nonirr_organique;436.65;1.71;36.35;2.94;0.0;0.91;0.0;476.85;0.07
2019;213;313;beauce_5_sa_093;solnu;;1014.2;1.71;7.65;6.96;0.0;0.0;0.0;1028.81;0.07
2019;314;365;beauce_5_sa_093;orgeh;orgeH_tousSols_nonirr_organique;344.46;1.71;29.46;2.3;0.0;0.94;0.0;377.16;0.07
2019;213;292;beauce_5_sa_094;solnu;;855.55;1.71;0.0;5.88;0.0;0.0;0.0;861.43;0.07
2019;293;365;beauce_5_sa_094;orgeh;orgeH_tousSols_nonirr_organique;503.18;1.71;34.01;3.38;0.0;0.95;0.0;541.51;0.07
2019;213;265;beauce_5_sa_095;solnu;;688.14;1.71;0.0;4.74;0.0;0.0;0.0;692.88;0.07
2019;266;365;beauce_5_sa_095;orgeh;orgeH_tousSols_nonirr_organique;669.55;1.71;14.66;4.51;0.0;1.2;0.0;689.92;0.07
2019;213;312;beauce_5_sa_096;solnu;;1004.94;1.71;7.43;6.89;0.0;0.0;0.0;1019.27;0.07
2019;313;365;beauce_5_sa_096;orgeh;orgeH_tousSols_nonirr_organique;353.71;1.71;29.58;2.37;0.0;0.93;0.0;386.6;0.07
2019;213;292;beauce_5_sa_097;solnu;;855.55;1.71;0.0;5.88;0.0;0.0;0.0;861.43;0.07
2019;293;365;beauce_5_sa_097;orgeh;orgeH_tousSols_nonirr_organique;503.18;1.71;34.01;3.38;0.0;0.95;0.0;541.51;0.07
2019;213;310;beauce_5_sa_098;solnu;;986.4;1.71;5.85;6.76;0.0;0.0;0.0;999.0;0.07
2019;311;365;beauce_5_sa_098;orgeh;orgeH_tousSols_nonirr_organique;372.26;1.71;31.04;2.5;0.0;0.94;0.0;406.74;0.07
2019;213;298;beauce_5_sa_099;solnu;;902.46;1.71;0.0;6.18;0.0;0.0;0.0;908.63;0.07
2019;299;365;beauce_5_sa_099;orgeh;orgeH_tousSols_nonirr_organique;455.94;1.71;35.93;3.08;0.0;0.89;0.0;495.84;0.07
2020;1;269;beauce_5_sa_000;orgeh;orgeH_tousSols_nonirr_organique;3629.78;1.67;61.63;24.76;0.0;13.1;0.0;3729.27;0.07
2020;270;281;beauce_5_sa_000;solnu;;160.83;1.66;15.22;0.0;0.0;2.34;0.0;178.38;0.07
2020;282;366;beauce_5_sa_000;orgeh;orgeH_tousSols_nonirr_organique;202.67;1.66;0.0;0.02;0.0;9.81;0.0;212.49;0.07
2020;1;157;beauce_5_sa_001;orgeh;orgeH_tousSols_nonirr_organique;1197.54;1.69;20.16;8.2;0.0;11.67;0.0;1237.57;0.07
2020;158;293;beauce_5_sa_001;solnu;;2284.6;1.67;42.21;14.19;0.0;5.93;0.0;2346.93;0.07
2020;294;366;beauce_5_sa_001;orgeh;orgeH_tousSols_nonirr_organique;169.03;1.67;1.96;1.82;0.0;9.8;0.0;182.61;0.07
2020;1;200;beauce_5_sa_002;orgeh;orgeH_tousSols_nonirr_organique;2248.66;1.68;8.48;15.4;0.0;5.94;0.0;2278.48;0.07
2020;201;263;beauce_5_sa_002;solnu;;1155.85;1.67;33.9;3.77;0.0;2.0;0.0;1195.52;0.07
2020;264;366;beauce_5_sa_002;orgeh;orgeH_tousSols_nonirr_organique;231.01;1.67;0.85;3.24;0.0;6.98;0.0;242.08;0.07
2020;1;245;beauce_5_sa_003;orgeh;orgeH_tousSols_nonirr_organique;3284.74;1.67;80.66;22.57;0.0;10.18;0.0;3398.14;0.07
2020;246;259;beauce_5_sa_003;solnu;;406.28;1.67;10.79;0.15;0.0;0.12;0.0;417.34;0.07
2020;260;366;beauce_5_sa_003;orgeh;orgeH_tousSols_nonirr_organique;274.23;1.66;0.0;0.56;0.0;10.85;0.0;285.64;0.07
2020;1;152;beauce_5_sa_004;orgeh;orgeH_tousSols_nonirr_organique;1134.64;1.69;22.5;7.77;0.0;12.69;0.0;1177.61;0.07
2020;153;316;beauce_5_sa_004;solnu;;2512.76;1.67;54.48;16.51;0.0;7.5;0.0;2591.25;0.07
2020;317;366;beauce_5_sa_004;orgeh;orgeH_tousSols_nonirr_organique;130.22;1.66;10.16;0.03;0.0;10.69;0.0;151.1;0.07
2020;1;116;beauce_5_sa_005;orgeh;orgeH_tousSols_nonirr_organique;721.48;1.7;14.96;4.97;0.0;9.2;0.0;750.61;0.07
2020;117;280;beauce_5_sa_005;solnu;;2596.43;1.67;47.76;16.71;0.0;5.21;0.0;2666.11;0.07
2020;281;366;beauce_5_sa_005;orgeh;orgeH_tousSols_nonirr_organique;262.13;1.67;2.53;2.99;0.0;11.8;0.0;279.45;0.07
2020;1;185;beauce_5_sa_006;orgeh;orgeH_tousSols_nonirr_organique;1844.51;1.69;17.57;12.62;0.0;10.72;0.0;1885.42;0.07
2020;186;288;beauce_5_sa_006;solnu;;1700.21;1.67;27.64;10.3;0.0;3.36;0.0;1741.5;0.07
2020;289;366;beauce_5_sa_006;orgeh;orgeH_tousSols_nonirr_organique;216.96;1.67;5.49;0.15;0.0;8.42;0.0;231.01;0.07
2020;1;203;beauce_5_sa_007;orgeh;orgeH_tousSols_nonirr_organique;2205.02;1.68;12.85;15.05;0.0;8.34;0.0;2241.26;0.07
2020;204;274;beauce_5_sa_007;solnu;;1297.45;1.67;29.28;6.26;0.0;3.05;0.0;1336.05;0.07
2020;275;366;beauce_5_sa_007;orgeh;orgeH_tousSols_nonirr_organique;198.91;1.67;0.0;0.49;0.0;6.54;0.0;205.95;0.07
2020;1;192;beauce_5_sa_008;orgeh;orgeH_tousSols_nonirr_organique;1934.14;1.68;21.68;13.22;0.0;12.3;0.0;1981.34;0.07
2020;193;305;beauce_5_sa_008;solnu;;1685.99;1.67;26.88;10.27;0.0;5.12;0.0;1728.26;0.07
2020;306;366;beauce_5_sa_008;orgeh;orgeH_tousSols_nonirr_organique;161.12;1.66;1.82;0.15;0.0;7.18;0.0;170.27;0.07
2020;1;290;beauce_5_sa_009;orgeh;orgeH_tousSols_nonirr_organique;3791.73;1.66;68.61;25.79;0.0;19.02;0.0;3905.15;0.07
2020;291;304;beauce_5_sa_009;solnu;;113.16;1.66;9.71;0.0;0.0;2.41;0.0;125.28;0.07
2020;305;366;beauce_5_sa_009;orgeh;orgeH_tousSols_nonirr_organique;143.2;1.66;0.1;0.08;0.0;8.63;0.0;152.0;0.07
2020;1;276;beauce_5_sa_010;orgeh;orgeH_tousSols_nonirr_organique;3731.72;1.67;75.17;25.41;0.0;16.2;0.0;3848.5;0.07
2020;277;282;beauce_5_sa_010;solnu;;69.07;1.66;3.62;0.0;0.0;0.24;0.0;72.94;0.07
2020;283;366;beauce_5_sa_010;orgeh;orgeH_tousSols_nonirr_organique;253.82;1.66;1.42;0.1;0.0;10.4;0.0;265.75;0.07
2020;1;255;beauce_5_sa_011;orgeh;orgeH_tousSols_nonirr_organique;3420.73;1.67;65.3;23.33;0.0;12.87;0.0;3522.23;0.07
2020;256;278;beauce_5_sa_011;solnu;;284.29;1.67;0.0;0.0;0.0;2.55;0.0;286.85;0.07
2020;279;366;beauce_5_sa_011;orgeh;orgeH_tousSols_nonirr_organique;165.32;1.66;0.0;0.28;0.0;7.65;0.0;173.26;0.07
2020;1;107;beauce_5_sa_012;orgeh;orgeH_tousSols_nonirr_organique;615.47;1.7;7.69;4.2;0.0;4.69;0.0;632.05;0.07
2020;108;265;beauce_5_sa_012;solnu;;2492.33;1.67;33.38;16.68;0.0;2.07;0.0;2544.46;0.07
2020;266;366;beauce_5_sa_012;orgeh;orgeH_tousSols_nonirr_organique;397.61;1.67;11.07;3.35;0.0;9.35;0.0;421.38;0.07
2020;1;256;beauce_5_sa_013;orgeh;orgeH_tousSols_nonirr_organique;3338.56;1.67;55.28;23.02;0.0;15.01;0.0;3431.87;0.07
2020;257;295;beauce_5_sa_013;solnu;;468.89;1.66;19.98;0.38;0.0;4.87;0.0;494.13;0.07
2020;296;366;beauce_5_sa_013;orgeh;orgeH_tousSols_nonirr_organique;177.34;1.66;0.73;0.17;0.0;8.16;0.0;186.4;0.07
2020;1;97;beauce_5_sa_014;orgeh;orgeH_tousSols_nonirr_organique;541.66;1.7;4.6;3.7;0.0;4.09;0.0;554.06;0.07
2020;98;261;beauce_5_sa_014;solnu;;2513.93;1.67;34.1;16.77;0.0;1.92;0.0;2566.72;0.07
2020;262;366;beauce_5_sa_014;orgeh;orgeH_tousSols_nonirr_organique;420.04;1.67;9.23;4.42;0.0;8.06;0.0;441.74;0.07
2020;1;298;beauce_5_sa_015;orgeh;orgeH_tousSols_nonirr_organique;3859.66;1.66;78.66;26.27;0.0;21.78;0.0;3986.37;0.07
2020;299;304;beauce_5_sa_015;solnu;;52.91;1.66;0.99;0.0;0.0;0.0;0.0;53.9;0.07
2020;305;366;beauce_5_sa_015;orgeh;orgeH_tousSols_nonirr_organique;175.92;1.66;2.21;0.06;0.0;8.74;0.0;186.94;0.07
2020;1;130;beauce_5_sa_016;orgeh;orgeH_tousSols_nonirr_organique;866.42;1.7;20.39;5.93;0.0;11.78;0.0;904.53;0.07
2020;131;294;beauce_5_sa_016;solnu;;2527.38;1.67;46.64;15.47;0.0;8.48;0.0;2597.96;0.07
2020;295;366;beauce_5_sa_016;orgeh;orgeH_tousSols_nonirr_organique;193.6;1.67;12.73;3.14;0.0;10.31;0.0;219.78;0.07
2020;1;163;beauce_5_sa_017;orgeh;orgeH_tousSols_nonirr_organique;1301.07;1.69;20.51;9.05;0.0;11.87;0.0;1342.5;0.07
2020;164;295;beauce_5_sa_017;solnu;;2234.55;1.67;44.64;14.21;0.0;6.47;0.0;2299.88;0.07
2020;296;366;beauce_5_sa_017;orgeh;orgeH_tousSols_nonirr_organique;202.3;1.67;2.25;0.44;0.0;8.96;0.0;213.96;0.07
2020;1;251;beauce_5_sa_018;orgeh;orgeH_tousSols_nonirr_organique;3230.31;1.67;59.26;22.16;0.0;13.53;0.0;3325.26;0.07
2020;252;284;beauce_5_sa_018;solnu;;422.36;1.67;0.0;0.0;0.0;2.43;0.0;424.8;0.07
2020;285;366;beauce_5_sa_018;orgeh;orgeH_tousSols_nonirr_organique;142.62;1.66;0.0;0.24;0.0;7.15;0.0;150.02;0.07
2020;1;140;beauce_5_sa_019;orgeh;orgeH_tousSols_nonirr_organique;975.85;1.69;21.65;6.76;0.0;12.13;0.0;1016.39;0.07
2020;141;304;beauce_5_sa_019;solnu;;2534.43;1.67;51.61;15.97;0.0;7.9;0.0;2609.91;0.07
2020;305;366;beauce_5_sa_019;orgeh;orgeH_tousSols_nonirr_organique;150.42;1.67;9.99;1.39;0.0;10.75;0.0;172.55;0.07
2020;1;171;beauce_5_sa_020;orgeh;orgeH_tousSols_nonirr_organique;1485.04;1.69;13.29;10.33;0.0;8.79;0.0;1517.46;0.07
2020;172;276;beauce_5_sa_020;solnu;;1949.72;1.67;31.15;11.83;0.0;2.91;0.0;1995.6;0.07
2020;277;366;beauce_5_sa_020;orgeh;orgeH_tousSols_nonirr_organique;275.88;1.67;2.52;0.28;0.0;7.72;0.0;286.4;0.07
2020;1;154;beauce_5_sa_021;orgeh;orgeH_tousSols_nonirr_organique;1156.55;1.69;21.87;7.9;0.0;12.41;0.0;1198.73;0.07
2020;155;308;beauce_5_sa_021;solnu;;2364.67;1.67;44.7;14.25;0.0;7.91;0.0;2431.53;0.07
2020;309;366;beauce_5_sa_021;orgeh;orgeH_tousSols_nonirr_organique;116.65;1.67;5.41;2.12;0.0;9.46;0.0;133.64;0.07
2020;1;99;beauce_5_sa_022;orgeh;orgeH_tousSols_nonirr_organique;561.38;1.7;6.42;3.83;0.0;4.4;0.0;576.04;0.07
2020;100;263;beauce_5_sa_022;solnu;;2518.41;1.67;34.06;16.86;0.0;2.06;0.0;2571.38;0.07
2020;264;366;beauce_5_sa_022;orgeh;orgeH_tousSols_nonirr_organique;411.66;1.67;11.07;4.15;0.0;8.89;0.0;435.77;0.07
2020;1;236;beauce_5_sa_023;orgeh;orgeH_tousSols_nonirr_organique;2827.46;1.68;30.8;19.36;0.0;10.58;0.0;2888.2;0.07
2020;237;283;beauce_5_sa_023;solnu;;841.94;1.67;30.61;2.9;0.0;3.64;0.0;879.08;0.07
2020;284;366;beauce_5_sa_023;orgeh;orgeH_tousSols_nonirr_organique;220.61;1.66;1.24;0.28;0.0;8.68;0.0;230.82;0.07
2020;1;141;beauce_5_sa_024;orgeh;orgeH_tousSols_nonirr_organique;999.21;1.69;21.68;6.87;0.0;12.3;0.0;1040.06;0.07
2020;142;305;beauce_5_sa_024;solnu;;2548.62;1.67;52.64;16.9;0.0;7.68;0.0;2625.83;0.07
2020;306;366;beauce_5_sa_024;orgeh;orgeH_tousSols_nonirr_organique;191.76;1.67;12.72;0.26;0.0;11.05;0.0;215.79;0.07
2020;1;289;beauce_5_sa_025;orgeh;orgeH_tousSols_nonirr_organique;3806.77;1.66;71.71;25.9;0.0;18.61;0.0;3922.98;0.07
2020;290;295;beauce_5_sa_025;solnu;;49.82;1.66;8.88;0.0;0.0;2.45;0.0;61.16;0.07
2020;296;366;beauce_5_sa_025;orgeh;orgeH_tousSols_nonirr_organique;205.14;1.66;1.05;0.11;0.0;8.83;0.0;215.13;0.07
2020;1;247;beauce_5_sa_026;orgeh;orgeH_tousSols_nonirr_organique;3091.26;1.67;46.64;21.12;0.0;13.35;0.0;3172.37;0.07
2020;248;286;beauce_5_sa_026;solnu;;636.54;1.67;20.21;0.95;0.0;2.45;0.0;660.14;0.07
2020;287;366;beauce_5_sa_026;orgeh;orgeH_tousSols_nonirr_organique;151.02;1.66;0.0;0.04;0.0;9.05;0.0;160.11;0.07
2020;1;205;beauce_5_sa_027;orgeh;orgeH_tousSols_nonirr_organique;2213.28;1.68;14.16;15.14;0.0;9.21;0.0;2251.8;0.07
2020;206;278;beauce_5_sa_027;solnu;;1324.72;1.67;33.61;7.03;0.0;3.11;0.0;1368.48;0.07
2020;279;366;beauce_5_sa_027;orgeh;orgeH_tousSols_nonirr_organique;242.86;1.66;0.04;0.2;0.0;7.84;0.0;250.94;0.07
2020;1;212;beauce_5_sa_028;orgeh;orgeH_tousSols_nonirr_organique;2255.52;1.68;20.75;15.44;0.0;11.95;0.0;2303.67;0.07
2020;213;296;beauce_5_sa_028;solnu;;1365.61;1.67;32.56;7.4;0.0;5.47;0.0;1411.04;0.07
2020;297;366;beauce_5_sa_028;orgeh;orgeH_tousSols_nonirr_organique;183.22;1.66;0.87;0.15;0.0;7.31;0.0;191.56;0.07
2020;1;254;beauce_5_sa_029;orgeh;orgeH_tousSols_nonirr_organique;3565.07;1.67;101.69;24.54;0.0;10.77;0.0;3702.06;0.07
2020;255;260;beauce_5_sa_029;solnu;;161.38;1.67;0.0;0.0;0.0;0.0;0.0;161.38;0.07
2020;261;366;beauce_5_sa_029;orgeh;orgeH_tousSols_nonirr_organique;336.68;1.66;0.0;0.3;0.0;11.85;0.0;348.83;0.07
2020;1;158;beauce_5_sa_030;orgeh;orgeH_tousSols_nonirr_organique;1208.03;1.69;21.78;8.3;0.0;12.38;0.0;1250.49;0.07
2020;159;306;beauce_5_sa_030;solnu;;2380.49;1.67;50.06;15.15;0.0;7.01;0.0;2452.72;0.07
2020;307;366;beauce_5_sa_030;orgeh;orgeH_tousSols_nonirr_organique;136.59;1.67;3.26;0.65;0.0;9.84;0.0;150.34;0.07
2020;1;273;beauce_5_sa_031;orgeh;orgeH_tousSols_nonirr_organique;3617.33;1.67;68.68;24.66;0.0;18.35;0.0;3729.03;0.07
2020;274;295;beauce_5_sa_031;solnu;;195.37;1.66;2.86;0.0;0.0;2.24;0.0;200.47;0.07
2020;296;366;beauce_5_sa_031;orgeh;orgeH_tousSols_nonirr_organique;141.75;1.66;0.0;0.04;0.0;6.13;0.0;147.92;0.07
2020;1;143;beauce_5_sa_032;orgeh;orgeH_tousSols_nonirr_organique;1023.92;1.69;21.83;7.01;0.0;12.43;0.0;1065.19;0.07
2020;144;307;beauce_5_sa_032;solnu;;2543.34;1.67;53.45;16.96;0.0;7.64;0.0;2621.39;0.07
2020;308;366;beauce_5_sa_032;orgeh;orgeH_tousSols_nonirr_organique;183.84;1.67;13.46;0.18;0.0;11.06;0.0;208.54;0.07
2020;1;247;beauce_5_sa_033;orgeh;orgeH_tousSols_nonirr_organique;3031.92;1.67;42.83;20.72;0.0;14.96;0.0;3110.43;0.07
2020;248;300;beauce_5_sa_033;solnu;;740.94;1.66;24.41;2.08;0.0;4.5;0.0;771.93;0.07
2020;301;366;beauce_5_sa_033;orgeh;orgeH_tousSols_nonirr_organique;160.78;1.66;0.55;0.22;0.0;7.56;0.0;169.1;0.07
2020;1;194;beauce_5_sa_034;orgeh;orgeH_tousSols_nonirr_organique;1982.75;1.68;21.06;13.57;0.0;12.0;0.0;2029.38;0.07
2020;195;298;beauce_5_sa_034;solnu;;1606.01;1.67;28.04;9.58;0.0;5.2;0.0;1648.83;0.07
2020;299;366;beauce_5_sa_034;orgeh;orgeH_tousSols_nonirr_organique;183.7;1.66;0.8;0.15;0.0;7.15;0.0;191.8;0.07
2020;1;121;beauce_5_sa_035;orgeh;orgeH_tousSols_nonirr_organique;761.63;1.7;16.6;5.2;0.0;10.35;0.0;793.78;0.07
2020;122;285;beauce_5_sa_035;solnu;;2607.61;1.67;47.93;16.76;0.0;5.53;0.0;2677.82;0.07
2020;286;366;beauce_5_sa_035;orgeh;orgeH_tousSols_nonirr_organique;238.24;1.67;5.29;2.67;0.0;12.54;0.0;258.74;0.07
2020;1;186;beauce_5_sa_036;orgeh;orgeH_tousSols_nonirr_organique;1949.86;1.68;7.14;13.35;0.0;5.91;0.0;1976.25;0.07
2020;187;263;beauce_5_sa_036;solnu;;1483.05;1.67;33.61;8.37;0.0;1.78;0.0;1526.8;0.07
2020;264;366;beauce_5_sa_036;orgeh;orgeH_tousSols_nonirr_organique;312.93;1.67;1.75;0.89;0.0;6.71;0.0;322.29;0.07
2020;1;286;beauce_5_sa_037;orgeh;orgeH_tousSols_nonirr_organique;3761.14;1.67;68.59;25.58;0.0;19.03;0.0;3874.34;0.07
2020;287;304;beauce_5_sa_037;solnu;;143.86;1.66;9.56;0.0;0.0;2.4;0.0;155.82;0.07
2020;305;366;beauce_5_sa_037;orgeh;orgeH_tousSols_nonirr_organique;166.76;1.66;1.6;0.12;0.0;8.57;0.0;177.05;0.07
2020;1;110;beauce_5_sa_038;orgeh;orgeH_tousSols_nonirr_organique;637.81;1.7;12.32;4.39;0.0;6.59;0.0;661.11;0.07
2020;111;274;beauce_5_sa_038;solnu;;2595.84;1.67;46.49;17.34;0.0;5.38;0.0;2665.06;0.07
2020;275;366;beauce_5_sa_038;orgeh;orgeH_tousSols_nonirr_organique;347.7;1.67;3.77;2.25;0.0;11.02;0.0;364.74;0.07
2020;1;248;beauce_5_sa_039;orgeh;orgeH_tousSols_nonirr_organique;3035.24;1.67;47.63;20.93;0.0;15.39;0.0;3119.19;0.07
2020;249;314;beauce_5_sa_039;solnu;;793.66;1.66;20.92;1.82;0.0;4.65;0.0;821.04;0.07
2020;315;366;beauce_5_sa_039;orgeh;orgeH_tousSols_nonirr_organique;90.32;1.66;0.0;0.08;0.0;7.67;0.0;98.07;0.07
2020;1;280;beauce_5_sa_040;orgeh;orgeH_tousSols_nonirr_organique;3705.42;1.67;69.31;25.2;0.0;18.74;0.0;3818.67;0.07
2020;281;298;beauce_5_sa_040;solnu;;144.51;1.66;4.58;0.0;0.0;2.66;0.0;151.76;0.07
2020;299;366;beauce_5_sa_040;orgeh;orgeH_tousSols_nonirr_organique;150.43;1.66;0.0;0.11;0.0;8.01;0.0;158.55;0.07
2020;1;108;beauce_5_sa_041;orgeh;orgeH_tousSols_nonirr_organique;616.37;1.7;11.49;4.27;0.0;6.11;0.0;638.23;0.07
2020;109;272;beauce_5_sa_041;solnu;;2583.6;1.67;33.68;17.25;0.0;2.87;0.0;2637.4;0.07
2020;273;366;beauce_5_sa_041;orgeh;orgeH_tousSols_nonirr_organique;364.54;1.67;16.23;2.3;0.0;12.49;0.0;395.56;0.07
2020;1;243;beauce_5_sa_042;orgeh;orgeH_tousSols_nonirr_organique;2940.86;1.67;44.16;20.15;0.0;14.51;0.0;3019.69;0.07
2020;244;294;beauce_5_sa_042;solnu;;707.07;1.67;8.07;0.82;0.0;4.33;0.0;720.29;0.07
2020;295;366;beauce_5_sa_042;orgeh;orgeH_tousSols_nonirr_organique;116.24;1.67;0.0;0.14;0.0;5.95;0.0;122.34;0.07
2020;1;290;beauce_5_sa_043;orgeh;orgeH_tousSols_nonirr_organique;3774.31;1.66;67.38;25.68;0.0;19.49;0.0;3886.85;0.07
2020;291;318;beauce_5_sa_043;solnu;;165.91;1.66;9.61;0.02;0.0;2.47;0.0;178.01;0.07
2020;319;366;beauce_5_sa_043;orgeh;orgeH_tousSols_nonirr_organique;90.84;1.66;0.0;0.08;0.0;8.66;0.0;99.58;0.07
2020;1;149;beauce_5_sa_044;orgeh;orgeH_tousSols_nonirr_organique;1089.48;1.69;22.27;7.48;0.0;12.63;0.0;1131.85;0.07
2020;150;313;beauce_5_sa_044;solnu;;2538.74;1.67;54.9;16.89;0.0;7.6;0.0;2618.13;0.07
2020;314;366;beauce_5_sa_044;orgeh;orgeH_tousSols_nonirr_organique;159.88;1.66;13.45;0.11;0.0;10.99;0.0;184.44;0.07
2020;1;275;beauce_5_sa_045;orgeh;orgeH_tousSols_nonirr_organique;3661.12;1.67;69.81;24.94;0.0;18.16;0.0;3774.03;0.07
2020;276;293;beauce_5_sa_045;solnu;;162.98;1.66;3.67;0.0;0.0;1.82;0.0;168.47;0.07
2020;294;366;beauce_5_sa_045;orgeh;orgeH_tousSols_nonirr_organique;155.37;1.66;0.0;0.05;0.0;8.72;0.0;164.14;0.07
2020;1;149;beauce_5_sa_046;orgeh;orgeH_tousSols_nonirr_organique;1088.68;1.69;21.64;7.47;0.0;12.15;0.0;1129.94;0.07
2020;150;304;beauce_5_sa_046;solnu;;2474.34;1.67;52.37;16.41;0.0;7.27;0.0;2550.39;0.07
2020;305;366;beauce_5_sa_046;orgeh;orgeH_tousSols_nonirr_organique;189.31;1.67;10.38;0.29;0.0;10.44;0.0;210.41;0.07
2020;1;254;beauce_5_sa_047;orgeh;orgeH_tousSols_nonirr_organique;3239.52;1.67;52.49;22.32;0.0;15.61;0.0;3329.94;0.07
2020;255;315;beauce_5_sa_047;solnu;;611.35;1.66;18.38;0.61;0.0;4.92;0.0;635.26;0.07
2020;316;366;beauce_5_sa_047;orgeh;orgeH_tousSols_nonirr_organique;85.31;1.66;0.0;0.09;0.0;7.95;0.0;93.35;0.07
2020;1;121;beauce_5_sa_048;orgeh;orgeH_tousSols_nonirr_organique;761.58;1.7;16.57;5.2;0.0;10.34;0.0;793.69;0.07
2020;122;285;beauce_5_sa_048;solnu;;2621.17;1.67;48.22;17.28;0.0;5.5;0.0;2692.17;0.07
2020;286;366;beauce_5_sa_048;orgeh;orgeH_tousSols_nonirr_organique;253.49;1.67;7.06;1.98;0.0;12.77;0.0;275.3;0.07
2020;1;275;beauce_5_sa_049;orgeh;orgeH_tousSols_nonirr_organique;3623.12;1.67;65.2;24.68;0.0;19.21;0.0;3732.21;0.07
2020;276;310;beauce_5_sa_049;solnu;;297.8;1.66;13.02;0.03;0.0;2.75;0.0;313.6;0.07
2020;311;366;beauce_5_sa_049;orgeh;orgeH_tousSols_nonirr_organique;143.79;1.66;1.45;0.17;0.0;8.52;0.0;153.93;0.07
2020;1;274;beauce_5_sa_050;orgeh;orgeH_tousSols_nonirr_organique;3716.39;1.67;77.3;25.37;0.0;15.53;0.0;3834.59;0.07
2020;275;280;beauce_5_sa_050;solnu;;83.77;1.66;3.22;0.0;0.0;0.15;0.0;87.15;0.07
2020;281;366;beauce_5_sa_050;orgeh;orgeH_tousSols_nonirr_organique;257.98;1.66;0.0;0.08;0.0;10.21;0.0;268.27;0.07
2020;1;212;beauce_5_sa_051;orgeh;orgeH_tousSols_nonirr_organique;2239.56;1.68;21.68;15.33;0.0;12.3;0.0;2288.87;0.07
2020;213;305;beauce_5_sa_051;solnu;;1425.62;1.67;29.43;7.98;0.0;5.27;0.0;1468.3;0.07
2020;306;366;beauce_5_sa_051;orgeh;orgeH_tousSols_nonirr_organique;156.43;1.66;1.75;0.17;0.0;7.19;0.0;165.54;0.07
2020;1;132;beauce_5_sa_052;orgeh;orgeH_tousSols_nonirr_organique;890.08;1.7;20.75;6.09;0.0;11.95;0.0;928.87;0.07
2020;133;296;beauce_5_sa_052;solnu;;2578.4;1.67;54.24;17.17;0.0;7.99;0.0;2657.8;0.07
2020;297;366;beauce_5_sa_052;orgeh;orgeH_tousSols_nonirr_organique;232.1;1.67;11.17;0.73;0.0;11.18;0.0;255.19;0.07
2020;1;113;beauce_5_sa_053;orgeh;orgeH_tousSols_nonirr_organique;684.55;1.7;13.66;4.75;0.0;7.55;0.0;710.51;0.07
2020;114;277;beauce_5_sa_053;solnu;;2594.87;1.67;48.57;17.32;0.0;5.6;0.0;2666.36;0.07
2020;278;366;beauce_5_sa_053;orgeh;orgeH_tousSols_nonirr_organique;328.79;1.67;3.38;1.68;0.0;11.69;0.0;345.54;0.07
2020;1;238;beauce_5_sa_054;orgeh;orgeH_tousSols_nonirr_organique;2959.45;1.67;53.24;20.28;0.0;11.59;0.0;3044.56;0.07
2020;239;272;beauce_5_sa_054;solnu;;698.84;1.67;10.03;1.77;0.0;0.1;0.0;710.74;0.07
2020;273;366;beauce_5_sa_054;orgeh;orgeH_tousSols_nonirr_organique;261.81;1.66;10.11;0.3;0.0;9.99;0.0;282.2;0.07
2020;1;153;beauce_5_sa_055;orgeh;orgeH_tousSols_nonirr_organique;1147.13;1.69;22.5;7.83;0.0;12.74;0.0;1190.2;0.07
2020;154;317;beauce_5_sa_055;solnu;;2505.31;1.67;54.76;16.71;0.0;7.43;0.0;2584.21;0.07
2020;318;366;beauce_5_sa_055;orgeh;orgeH_tousSols_nonirr_organique;147.29;1.66;13.44;0.07;0.0;10.83;0.0;171.64;0.07
2020;1;110;beauce_5_sa_056;orgeh;orgeH_tousSols_nonirr_organique;637.84;1.7;12.99;4.39;0.0;6.7;0.0;661.92;0.07
2020;111;274;beauce_5_sa_056;solnu;;2527.36;1.67;38.37;15.11;0.0;5.75;0.0;2586.58;0.07
2020;275;366;beauce_5_sa_056;orgeh;orgeH_tousSols_nonirr_organique;304.97;1.67;4.96;5.86;0.0;9.39;0.0;325.17;0.07
2020;1;256;beauce_5_sa_057;orgeh;orgeH_tousSols_nonirr_organique;3357.52;1.67;57.19;23.14;0.0;14.48;0.0;3452.33;0.07
2020;257;291;beauce_5_sa_057;solnu;;332.48;1.67;0.0;0.0;0.0;2.55;0.0;335.03;0.07
2020;292;366;beauce_5_sa_057;orgeh;orgeH_tousSols_nonirr_organique;123.94;1.66;0.0;0.23;0.0;7.39;0.0;131.57;0.07
2020;1;258;beauce_5_sa_058;orgeh;orgeH_tousSols_nonirr_organique;3388.01;1.67;52.82;23.11;0.0;15.28;0.0;3479.22;0.07
2020;259;300;beauce_5_sa_058;solnu;;429.95;1.66;17.28;0.17;0.0;4.7;0.0;452.1;0.07
2020;301;366;beauce_5_sa_058;orgeh;orgeH_tousSols_nonirr_organique;133.87;1.66;0.0;0.12;0.0;7.69;0.0;141.68;0.07
2020;1;256;beauce_5_sa_059;orgeh;orgeH_tousSols_nonirr_organique;3381.55;1.67;58.47;23.31;0.0;13.77;0.0;3477.1;0.07
2020;257;286;beauce_5_sa_059;solnu;;410.61;1.66;14.07;0.16;0.0;2.58;0.0;427.43;0.07
2020;287;366;beauce_5_sa_059;orgeh;orgeH_tousSols_nonirr_organique;199.59;1.66;3.61;0.1;0.0;9.76;0.0;213.05;0.07
2020;1;255;beauce_5_sa_060;orgeh;orgeH_tousSols_nonirr_organique;3494.95;1.67;77.27;23.84;0.0;12.16;0.0;3608.22;0.07
2020;256;271;beauce_5_sa_060;solnu;;234.71;1.67;0.0;0.0;0.0;0.0;0.0;234.71;0.07
2020;272;366;beauce_5_sa_060;orgeh;orgeH_tousSols_nonirr_organique;208.24;1.66;0.0;0.32;0.0;10.43;0.0;218.99;0.07
2020;1;129;beauce_5_sa_061;orgeh;orgeH_tousSols_nonirr_organique;861.71;1.7;3.63;6.0;0.0;4.9;0.0;876.23;0.07
2020;130;259;beauce_5_sa_061;solnu;;2226.37;1.67;29.77;14.32;0.0;0.85;0.0;2271.31;0.07
2020;260;366;beauce_5_sa_061;orgeh;orgeH_tousSols_nonirr_organique;380.97;1.67;1.65;3.54;0.0;5.88;0.0;392.05;0.07
2020;1;215;beauce_5_sa_062;orgeh;orgeH_tousSols_nonirr_organique;2288.89;1.68;22.33;15.69;0.0;12.66;0.0;2339.57;0.07
2020;216;314;beauce_5_sa_062;solnu;;1428.77;1.67;30.77;7.92;0.0;5.27;0.0;1472.74;0.07
2020;315;366;beauce_5_sa_062;orgeh;orgeH_tousSols_nonirr_organique;118.3;1.66;0.64;0.03;0.0;7.25;0.0;126.22;0.07
2020;1;118;beauce_5_sa_063;orgeh;orgeH_tousSols_nonirr_organique;740.34;1.7;15.83;5.07;0.0;10.0;0.0;771.24;0.07
2020;119;282;beauce_5_sa_063;solnu;;2603.72;1.67;48.57;17.47;0.0;5.14;0.0;2674.89;0.07
2020;283;366;beauce_5_sa_063;orgeh;orgeH_tousSols_nonirr_organique;299.88;1.67;7.34;1.53;0.0;12.3;0.0;321.05;0.07
2020;1;172;beauce_5_sa_064;orgeh;orgeH_tousSols_nonirr_organique;1552.57;1.69;9.02;10.81;0.0;6.26;0.0;1578.66;0.07
2020;173;265;beauce_5_sa_064;solnu;;1606.82;1.67;20.76;6.06;0.0;1.43;0.0;1635.07;0.07
2020;266;366;beauce_5_sa_064;orgeh;orgeH_tousSols_nonirr_organique;243.31;1.67;2.74;4.81;0.0;6.32;0.0;257.18;0.07
2020;1;244;beauce_5_sa_065;orgeh;orgeH_tousSols_nonirr_organique;2973.29;1.67;44.45;20.32;0.0;14.41;0.0;3052.47;0.07
2020;245;293;beauce_5_sa_065;solnu;;672.56;1.67;8.16;0.71;0.0;3.52;0.0;684.96;0.07
2020;294;366;beauce_5_sa_065;orgeh;orgeH_tousSols_nonirr_organique;114.15;1.67;0.0;0.2;0.0;6.62;0.0;120.97;0.07
2020;1;149;beauce_5_sa_066;orgeh;orgeH_tousSols_nonirr_organique;1089.25;1.69;22.27;7.48;0.0;12.58;0.0;1131.58;0.07
2020;150;313;beauce_5_sa_066;solnu;;2529.67;1.67;54.25;16.34;0.0;7.61;0.0;2607.87;0.07
2020;314;366;beauce_5_sa_066;orgeh;orgeH_tousSols_nonirr_organique;123.74;1.67;8.27;0.29;0.0;10.75;0.0;143.04;0.07
2020;1;252;beauce_5_sa_067;orgeh;orgeH_tousSols_nonirr_organique;3289.64;1.67;63.13;22.62;0.0;12.83;0.0;3388.21;0.07
2020;253;280;beauce_5_sa_067;solnu;;466.51;1.67;13.74;0.34;0.0;2.61;0.0;483.2;0.07
2020;281;366;beauce_5_sa_067;orgeh;orgeH_tousSols_nonirr_organique;220.68;1.66;0.0;0.16;0.0;9.43;0.0;230.27;0.07
2020;1;152;beauce_5_sa_068;orgeh;orgeH_tousSols_nonirr_organique;1134.85;1.69;22.5;7.77;0.0;12.73;0.0;1177.86;0.07
2020;153;316;beauce_5_sa_068;solnu;;2509.95;1.67;54.21;16.34;0.0;7.5;0.0;2587.99;0.07
2020;317;366;beauce_5_sa_068;orgeh;orgeH_tousSols_nonirr_organique;122.04;1.66;8.87;0.09;0.0;10.62;0.0;141.61;0.07
2020;1;153;beauce_5_sa_069;orgeh;orgeH_tousSols_nonirr_organique;1147.13;1.69;22.5;7.83;0.0;12.74;0.0;1190.2;0.07
2020;154;317;beauce_5_sa_069;solnu;;2505.31;1.67;54.76;16.71;0.0;7.43;0.0;2584.21;0.07
2020;318;366;beauce_5_sa_069;orgeh;orgeH_tousSols_nonirr_organique;147.29;1.66;13.44;0.07;0.0;10.83;0.0;171.64;0.07
2020;1;258;beauce_5_sa_070;orgeh;orgeH_tousSols_nonirr_organique;3402.92;1.67;55.51;23.22;0.0;15.09;0.0;3496.74;0.07
2020;259;296;beauce_5_sa_070;solnu;;410.45;1.66;17.77;0.15;0.0;4.81;0.0;433.18;0.07
2020;297;366;beauce_5_sa_070;orgeh;orgeH_tousSols_nonirr_organique;143.36;1.66;0.02;0.1;0.0;7.86;0.0;151.33;0.07
2020;1;122;beauce_5_sa_071;orgeh;orgeH_tousSols_nonirr_organique;768.42;1.7;16.91;5.26;0.0;10.45;0.0;801.04;0.07
2020;123;286;beauce_5_sa_071;solnu;;2624.53;1.67;48.08;17.0;0.0;5.63;0.0;2695.24;0.07
2020;287;366;beauce_5_sa_071;orgeh;orgeH_tousSols_nonirr_organique;233.15;1.67;5.98;2.29;0.0;12.61;0.0;254.03;0.07
2020;1;153;beauce_5_sa_072;orgeh;orgeH_tousSols_nonirr_organique;1147.13;1.69;22.5;7.83;0.0;12.74;0.0;1190.2;0.07
2020;154;317;beauce_5_sa_072;solnu;;2505.31;1.67;54.76;16.71;0.0;7.43;0.0;2584.21;0.07
2020;318;366;beauce_5_sa_072;orgeh;orgeH_tousSols_nonirr_organique;147.29;1.66;13.44;0.07;0.0;10.83;0.0;171.64;0.07
2020;1;291;beauce_5_sa_073;orgeh;orgeH_tousSols_nonirr_organique;3796.2;1.66;68.62;25.82;0.0;19.36;0.0;3910.0;0.07
2020;292;308;beauce_5_sa_073;solnu;;138.84;1.66;10.89;0.0;0.0;2.46;0.0;152.19;0.07
2020;309;366;beauce_5_sa_073;orgeh;orgeH_tousSols_nonirr_organique;155.25;1.66;1.8;0.12;0.0;8.69;0.0;165.86;0.07
2020;1;205;beauce_5_sa_074;orgeh;orgeH_tousSols_nonirr_organique;2146.35;1.68;20.91;14.68;0.0;11.99;0.0;2193.92;0.07
2020;206;297;beauce_5_sa_074;solnu;;1456.05;1.67;30.48;8.24;0.0;5.19;0.0;1499.95;0.07
2020;298;366;beauce_5_sa_074;orgeh;orgeH_tousSols_nonirr_organique;182.61;1.66;0.92;0.15;0.0;7.24;0.0;190.93;0.07
2020;1;288;beauce_5_sa_075;orgeh;orgeH_tousSols_nonirr_organique;3762.59;1.67;67.43;25.59;0.0;19.48;0.0;3875.1;0.07
2020;289;317;beauce_5_sa_075;solnu;;169.4;1.66;9.14;0.02;0.0;2.44;0.0;181.01;0.07
2020;318;366;beauce_5_sa_075;orgeh;orgeH_tousSols_nonirr_organique;91.29;1.66;0.0;0.11;0.0;8.59;0.0;99.99;0.07
2020;1;173;beauce_5_sa_076;orgeh;orgeH_tousSols_nonirr_organique;1586.52;1.69;8.86;10.85;0.0;6.45;0.0;1612.68;0.07
2020;174;267;beauce_5_sa_076;solnu;;1772.61;1.67;26.03;10.84;0.0;1.38;0.0;1810.86;0.07
2020;268;366;beauce_5_sa_076;orgeh;orgeH_tousSols_nonirr_organique;291.05;1.67;4.41;0.51;0.0;6.84;0.0;302.81;0.07
2020;1;143;beauce_5_sa_077;orgeh;orgeH_tousSols_nonirr_organique;1043.14;1.69;8.84;7.15;0.0;6.57;0.0;1065.71;0.07
2020;144;268;beauce_5_sa_077;solnu;;2171.8;1.67;27.07;13.9;0.0;1.01;0.0;2213.78;0.07
2020;269;366;beauce_5_sa_077;orgeh;orgeH_tousSols_nonirr_organique;336.08;1.67;10.35;0.96;0.0;8.37;0.0;355.76;0.07
2020;1;97;beauce_5_sa_078;orgeh;orgeH_tousSols_nonirr_organique;541.67;1.7;4.92;3.7;0.0;4.12;0.0;554.41;0.07
2020;98;261;beauce_5_sa_078;solnu;;2480.04;1.67;34.51;15.34;0.0;1.95;0.0;2531.83;0.07
2020;262;366;beauce_5_sa_078;orgeh;orgeH_tousSols_nonirr_organique;386.54;1.67;6.7;6.76;0.0;7.81;0.0;407.81;0.07
2020;1;138;beauce_5_sa_079;orgeh;orgeH_tousSols_nonirr_organique;952.25;1.7;13.79;6.54;0.0;8.68;0.0;981.25;0.07
2020;139;275;beauce_5_sa_079;solnu;;2140.75;1.67;25.38;12.37;0.0;3.52;0.0;2182.02;0.07
2020;276;366;beauce_5_sa_079;orgeh;orgeH_tousSols_nonirr_organique;277.71;1.67;4.34;7.05;0.0;7.51;0.0;296.61;0.07
2020;1;290;beauce_5_sa_080;orgeh;orgeH_tousSols_nonirr_organique;3811.88;1.66;71.94;25.93;0.0;18.7;0.0;3928.46;0.07
2020;291;296;beauce_5_sa_080;solnu;;52.91;1.66;9.18;0.0;0.0;2.49;0.0;64.57;0.07
2020;297;366;beauce_5_sa_080;orgeh;orgeH_tousSols_nonirr_organique;199.63;1.66;1.09;0.09;0.0;8.85;0.0;209.67;0.07
2020;1;190;beauce_5_sa_081;orgeh;orgeH_tousSols_nonirr_organique;1928.44;1.68;18.19;13.18;0.0;10.88;0.0;1970.71;0.07
2020;191;289;beauce_5_sa_081;solnu;;1624.64;1.67;27.5;9.67;0.0;3.42;0.0;1665.23;0.07
2020;290;366;beauce_5_sa_081;orgeh;orgeH_tousSols_nonirr_organique;216.38;1.66;6.0;0.13;0.0;8.6;0.0;231.1;0.07
2020;1;123;beauce_5_sa_082;orgeh;orgeH_tousSols_nonirr_organique;776.97;1.7;17.17;5.3;0.0;10.58;0.0;810.01;0.07
2020;124;287;beauce_5_sa_082;solnu;;2627.32;1.67;48.11;17.28;0.0;5.69;0.0;2698.4;0.07
2020;288;366;beauce_5_sa_082;orgeh;orgeH_tousSols_nonirr_organique;239.86;1.67;7.7;1.89;0.0;12.86;0.0;262.3;0.07
2020;1;276;beauce_5_sa_083;orgeh;orgeH_tousSols_nonirr_organique;3669.08;1.67;69.14;24.98;0.0;18.25;0.0;3781.46;0.07
2020;277;294;beauce_5_sa_083;solnu;;160.62;1.66;4.83;0.0;0.0;2.87;0.0;168.32;0.07
2020;295;366;beauce_5_sa_083;orgeh;orgeH_tousSols_nonirr_organique;155.96;1.66;0.0;0.04;0.0;7.82;0.0;163.82;0.07
2020;1;148;beauce_5_sa_084;orgeh;orgeH_tousSols_nonirr_organique;1084.28;1.69;13.45;7.46;0.0;8.82;0.0;1114.01;0.07
2020;149;276;beauce_5_sa_084;solnu;;2232.41;1.67;38.51;14.34;0.0;3.22;0.0;2288.49;0.07
2020;277;366;beauce_5_sa_084;orgeh;orgeH_tousSols_nonirr_organique;272.81;1.67;2.45;0.82;0.0;9.14;0.0;285.21;0.07
2020;1;198;beauce_5_sa_085;orgeh;orgeH_tousSols_nonirr_organique;2084.29;1.68;16.51;14.25;0.0;10.33;0.0;2125.37;0.07
2020;199;285;beauce_5_sa_085;solnu;;1467.68;1.67;29.02;8.39;0.0;3.31;0.0;1508.4;0.07
2020;286;366;beauce_5_sa_085;orgeh;orgeH_tousSols_nonirr_organique;225.37;1.66;3.67;0.14;0.0;8.19;0.0;237.37;0.07
2020;1;153;beauce_5_sa_086;orgeh;orgeH_tousSols_nonirr_organique;1147.09;1.69;22.5;7.83;0.0;12.73;0.0;1190.15;0.07
2020;154;317;beauce_5_sa_086;solnu;;2491.43;1.67;53.74;16.02;0.0;7.44;0.0;2568.63;0.07
2020;318;366;beauce_5_sa_086;orgeh;orgeH_tousSols_nonirr_organique;108.99;1.67;7.18;0.24;0.0;10.49;0.0;126.9;0.07
2020;1;119;beauce_5_sa_087;orgeh;orgeH_tousSols_nonirr_organique;758.9;1.7;8.62;5.18;0.0;6.08;0.0;778.77;0.07
2020;120;265;beauce_5_sa_087;solnu;;2239.63;1.67;26.56;12.9;0.0;1.58;0.0;2280.67;0.07
2020;266;366;beauce_5_sa_087;orgeh;orgeH_tousSols_nonirr_organique;358.01;1.67;5.55;8.45;0.0;7.83;0.0;379.84;0.07
2020;1;281;beauce_5_sa_088;orgeh;orgeH_tousSols_nonirr_organique;3754.31;1.67;75.47;25.56;0.0;17.55;0.0;3872.89;0.07
2020;282;289;beauce_5_sa_088;solnu;;81.54;1.66;0.0;0.0;0.0;0.0;0.0;81.54;0.07
2020;290;366;beauce_5_sa_088;orgeh;orgeH_tousSols_nonirr_organique;225.9;1.66;7.76;0.13;0.0;11.2;0.0;244.98;0.07
2020;1;141;beauce_5_sa_089;orgeh;orgeH_tousSols_nonirr_organique;1023.12;1.69;6.42;7.04;0.0;5.57;0.0;1042.16;0.07
2020;142;263;beauce_5_sa_089;solnu;;2129.19;1.67;27.53;13.58;0.0;0.85;0.0;2171.15;0.07
2020;264;366;beauce_5_sa_089;orgeh;orgeH_tousSols_nonirr_organique;354.86;1.67;3.82;1.71;0.0;6.61;0.0;367.0;0.07
2020;1;250;beauce_5_sa_090;orgeh;orgeH_tousSols_nonirr_organique;3232.08;1.67;58.44;22.19;0.0;12.51;0.0;3325.22;0.07
2020;251;278;beauce_5_sa_090;solnu;;504.01;1.67;17.98;0.5;0.0;2.64;0.0;525.13;0.07
2020;279;366;beauce_5_sa_090;orgeh;orgeH_tousSols_nonirr_organique;229.85;1.66;0.04;0.16;0.0;9.4;0.0;239.45;0.07
2020;1;108;beauce_5_sa_091;orgeh;orgeH_tousSols_nonirr_organique;616.42;1.7;12.47;4.27;0.0;6.25;0.0;639.41;0.07
2020;109;272;beauce_5_sa_091;solnu;;2572.91;1.67;33.81;16.4;0.0;2.95;0.0;2626.07;0.07
2020;273;366;beauce_5_sa_091;orgeh;orgeH_tousSols_nonirr_organique;319.66;1.67;11.5;4.17;0.0;11.6;0.0;346.93;0.07
2020;1;280;beauce_5_sa_092;orgeh;orgeH_tousSols_nonirr_organique;3697.3;1.67;68.92;25.15;0.0;19.02;0.0;3810.39;0.07
2020;281;301;beauce_5_sa_092;solnu;;158.45;1.66;4.54;0.0;0.0;2.66;0.0;165.66;0.07
2020;302;366;beauce_5_sa_092;orgeh;orgeH_tousSols_nonirr_organique;136.92;1.66;0.0;0.1;0.0;8.02;0.0;145.04;0.07
2020;1;231;beauce_5_sa_093;orgeh;orgeH_tousSols_nonirr_organique;2653.62;1.68;26.61;18.11;0.0;12.59;0.0;2710.91;0.07
2020;232;313;beauce_5_sa_093;solnu;;1120.64;1.66;34.89;5.36;0.0;5.63;0.0;1166.51;0.07
2020;314;366;beauce_5_sa_093;orgeh;orgeH_tousSols_nonirr_organique;113.99;1.66;0.65;0.03;0.0;7.5;0.0;122.16;0.07
2020;1;283;beauce_5_sa_094;orgeh;orgeH_tousSols_nonirr_organique;3755.71;1.67;72.95;25.57;0.0;18.15;0.0;3872.38;0.07
2020;284;292;beauce_5_sa_094;solnu;;83.66;1.66;5.12;0.0;0.0;1.52;0.0;90.3;0.07
2020;293;366;beauce_5_sa_094;orgeh;orgeH_tousSols_nonirr_organique;221.53;1.66;4.25;0.1;0.0;9.83;0.0;235.72;0.07
2020;1;246;beauce_5_sa_095;orgeh;orgeH_tousSols_nonirr_organique;3275.26;1.67;74.66;22.42;0.0;11.17;0.0;3383.5;0.07
2020;247;265;beauce_5_sa_095;solnu;;397.62;1.67;11.29;0.01;0.0;0.17;0.0;409.1;0.07
2020;266;366;beauce_5_sa_095;orgeh;orgeH_tousSols_nonirr_organique;225.1;1.66;0.0;0.7;0.0;10.63;0.0;236.43;0.07
2020;1;306;beauce_5_sa_096;orgeh;orgeH_tousSols_nonirr_organique;3920.91;1.66;80.61;26.68;0.0;22.16;0.0;4050.37;0.07
2020;307;312;beauce_5_sa_096;solnu;;50.61;1.66;2.66;0.0;0.0;0.04;0.0;53.31;0.07
2020;313;366;beauce_5_sa_096;orgeh;orgeH_tousSols_nonirr_organique;149.19;1.66;1.73;0.09;0.0;8.85;0.0;159.86;0.07
2020;1;233;beauce_5_sa_097;orgeh;orgeH_tousSols_nonirr_organique;2733.16;1.68;26.43;18.65;0.0;11.52;0.0;2789.76;0.07
2020;234;292;beauce_5_sa_097;solnu;;947.1;1.67;33.98;3.9;0.0;4.78;0.0;989.76;0.07
2020;293;366;beauce_5_sa_097;orgeh;orgeH_tousSols_nonirr_organique;195.84;1.66;3.62;0.2;0.0;8.44;0.0;208.09;0.07
2020;1;146;beauce_5_sa_098;orgeh;orgeH_tousSols_nonirr_organique;1051.86;1.69;22.01;7.2;0.0;12.47;0.0;1093.53;0.07
2020;147;310;beauce_5_sa_098;solnu;;2534.46;1.67;53.53;16.72;0.0;7.62;0.0;2612.33;0.07
2020;311;366;beauce_5_sa_098;orgeh;orgeH_tousSols_nonirr_organique;157.92;1.67;10.91;0.14;0.0;10.94;0.0;179.91;0.07
2020;1;255;beauce_5_sa_099;orgeh;orgeH_tousSols_nonirr_organique;3311.64;1.67;53.41;22.59;0.0;15.12;0.0;3402.76;0.07
2020;256;298;beauce_5_sa_099;solnu;;457.7;1.66;12.27;0.16;0.0;5.12;0.0;475.25;0.07
2020;299;366;beauce_5_sa_099;orgeh;orgeH_tousSols_nonirr_organique;120.12;1.66;0.0;0.11;0.0;7.05;0.0;127.28;0.07
2021;1;269;beauce_5_sa_000;orgeh;orgeH_tousSols_nonirr_organique;1730.83;1.64;24.99;26.77;0.0;29.6;0.0;1812.2;0.07
2021;270;281;beauce_5_sa_000;solnu;;109.6;1.64;0.0;0.0;0.0;0.0;0.0;109.6;0.07
2021;282;365;beauce_5_sa_000;orgeh;orgeH_tousSols_nonirr_organique;166.06;1.64;0.36;0.72;0.0;17.06;0.0;184.18;0.07
2021;1;156;beauce_5_sa_001;orgeh;orgeH_tousSols_nonirr_organique;623.83;1.66;0.34;12.11;0.0;19.26;0.0;655.53;0.07
2021;157;293;beauce_5_sa_001;solnu;;1522.06;1.64;20.09;14.88;0.0;12.61;0.0;1569.64;0.07
2021;294;365;beauce_5_sa_001;orgeh;orgeH_tousSols_nonirr_organique;137.91;1.64;8.34;1.78;0.0;18.99;0.0;167.02;0.07
2021;1;199;beauce_5_sa_002;orgeh;orgeH_tousSols_nonirr_organique;1086.66;1.65;13.38;19.21;0.0;14.3;0.0;1133.55;0.07
2021;200;263;beauce_5_sa_002;solnu;;812.19;1.65;18.11;4.32;0.0;3.51;0.0;838.13;0.07
2021;264;365;beauce_5_sa_002;orgeh;orgeH_tousSols_nonirr_organique;220.39;1.64;0.5;3.39;0.0;13.71;0.0;237.99;0.07
2021;1;244;beauce_5_sa_003;orgeh;orgeH_tousSols_nonirr_organique;1603.26;1.65;38.05;26.63;0.0;27.37;0.0;1695.31;0.07
2021;245;259;beauce_5_sa_003;solnu;;215.41;1.64;0.66;0.02;0.0;0.0;0.0;216.09;0.07
2021;260;365;beauce_5_sa_003;orgeh;orgeH_tousSols_nonirr_organique;286.44;1.64;0.0;2.01;0.0;22.37;0.0;310.81;0.07
2021;1;151;beauce_5_sa_004;orgeh;orgeH_tousSols_nonirr_organique;541.13;1.66;1.07;10.55;0.0;24.82;0.0;577.57;0.07
2021;152;316;beauce_5_sa_004;solnu;;1704.68;1.64;44.07;18.0;0.0;21.77;0.0;1788.51;0.07
2021;317;365;beauce_5_sa_004;orgeh;orgeH_tousSols_nonirr_organique;98.9;1.64;14.9;0.02;0.0;24.26;0.0;138.09;0.07
2021;1;115;beauce_5_sa_005;orgeh;orgeH_tousSols_nonirr_organique;308.85;1.66;1.12;6.16;0.0;15.73;0.0;331.86;0.07
2021;116;280;beauce_5_sa_005;solnu;;1842.55;1.64;38.43;19.17;0.0;22.28;0.0;1922.43;0.07
2021;281;365;beauce_5_sa_005;orgeh;orgeH_tousSols_nonirr_organique;255.52;1.64;2.25;2.81;0.0;27.42;0.0;288.01;0.07
2021;1;184;beauce_5_sa_006;orgeh;orgeH_tousSols_nonirr_organique;691.69;1.66;0.0;13.08;0.0;21.38;0.0;726.16;0.07
2021;185;288;beauce_5_sa_006;solnu;;1107.36;1.65;9.83;11.59;0.0;3.33;0.0;1132.12;0.07
2021;289;365;beauce_5_sa_006;orgeh;orgeH_tousSols_nonirr_organique;164.91;1.64;4.29;0.72;0.0;10.16;0.0;180.09;0.07
2021;1;202;beauce_5_sa_007;orgeh;orgeH_tousSols_nonirr_organique;1008.44;1.65;4.23;19.73;0.0;15.87;0.0;1048.27;0.07
2021;203;274;beauce_5_sa_007;solnu;;881.32;1.65;15.44;6.7;0.0;3.04;0.0;906.5;0.07
2021;275;365;beauce_5_sa_007;orgeh;orgeH_tousSols_nonirr_organique;172.42;1.64;0.0;2.75;0.0;12.07;0.0;187.25;0.07
2021;1;191;beauce_5_sa_008;orgeh;orgeH_tousSols_nonirr_organique;739.39;1.66;0.0;13.52;0.0;22.84;0.0;775.75;0.07
2021;192;305;beauce_5_sa_008;solnu;;1121.11;1.64;13.23;11.94;0.0;4.03;0.0;1150.31;0.07
2021;306;365;beauce_5_sa_008;orgeh;orgeH_tousSols_nonirr_organique;119.4;1.64;13.91;0.28;0.0;12.53;0.0;146.13;0.07
2021;1;290;beauce_5_sa_009;orgeh;orgeH_tousSols_nonirr_organique;1803.22;1.64;20.4;26.2;0.0;35.56;0.0;1885.38;0.07
2021;291;304;beauce_5_sa_009;solnu;;92.63;1.64;8.62;0.0;0.0;0.72;0.0;101.96;0.07
2021;305;365;beauce_5_sa_009;orgeh;orgeH_tousSols_nonirr_organique;95.72;1.64;6.96;0.12;0.0;17.32;0.0;120.12;0.07
2021;1;276;beauce_5_sa_010;orgeh;orgeH_tousSols_nonirr_organique;1738.42;1.64;23.75;25.86;0.0;31.56;0.0;1819.59;0.07
2021;277;282;beauce_5_sa_010;solnu;;55.29;1.64;0.0;0.0;0.0;0.0;0.0;55.29;0.07
2021;283;365;beauce_5_sa_010;orgeh;orgeH_tousSols_nonirr_organique;205.59;1.64;3.01;0.15;0.0;17.05;0.0;225.79;0.07
2021;1;255;beauce_5_sa_011;orgeh;orgeH_tousSols_nonirr_organique;1655.81;1.65;26.33;26.81;0.0;23.0;0.0;1731.95;0.07
2021;256;278;beauce_5_sa_011;solnu;;235.69;1.64;0.0;0.0;0.0;0.0;0.0;235.69;0.07
2021;279;365;beauce_5_sa_011;orgeh;orgeH_tousSols_nonirr_organique;159.85;1.64;0.0;0.69;0.0;16.76;0.0;177.3;0.07
2021;1;106;beauce_5_sa_012;orgeh;orgeH_tousSols_nonirr_organique;267.45;1.66;1.44;5.69;0.0;10.22;0.0;284.8;0.07
2021;107;265;beauce_5_sa_012;solnu;;1713.5;1.65;42.42;19.38;0.0;15.35;0.0;1790.66;0.07
2021;266;365;beauce_5_sa_012;orgeh;orgeH_tousSols_nonirr_organique;361.46;1.64;0.27;3.41;0.0;24.9;0.0;390.04;0.07
2021;1;255;beauce_5_sa_013;orgeh;orgeH_tousSols_nonirr_organique;1508.01;1.65;20.98;23.85;0.0;33.62;0.0;1586.45;0.07
2021;256;295;beauce_5_sa_013;solnu;;382.52;1.64;7.51;1.02;0.0;0.99;0.0;392.04;0.07
2021;296;365;beauce_5_sa_013;orgeh;orgeH_tousSols_nonirr_organique;125.27;1.64;2.45;0.4;0.0;16.5;0.0;144.61;0.07
2021;1;96;beauce_5_sa_014;orgeh;orgeH_tousSols_nonirr_organique;234.62;1.67;3.18;4.93;0.0;8.4;0.0;251.13;0.07
2021;97;261;beauce_5_sa_014;solnu;;1722.26;1.65;43.89;19.3;0.0;14.87;0.0;1800.32;0.07
2021;262;365;beauce_5_sa_014;orgeh;orgeH_tousSols_nonirr_organique;393.44;1.64;1.35;3.86;0.0;25.13;0.0;423.76;0.07
2021;1;298;beauce_5_sa_015;orgeh;orgeH_tousSols_nonirr_organique;1835.72;1.64;29.16;26.55;0.0;36.42;0.0;1927.85;0.07
2021;299;304;beauce_5_sa_015;solnu;;32.61;1.64;0.09;0.0;0.0;0.0;0.0;32.7;0.07
2021;305;365;beauce_5_sa_015;orgeh;orgeH_tousSols_nonirr_organique;124.94;1.64;13.83;0.11;0.0;19.11;0.0;157.99;0.07
2021;1;129;beauce_5_sa_016;orgeh;orgeH_tousSols_nonirr_organique;445.0;1.66;6.12;7.94;0.0;24.19;0.0;483.25;0.07
2021;130;294;beauce_5_sa_016;solnu;;1819.47;1.64;31.53;17.02;0.0;24.51;0.0;1892.53;0.07
2021;295;365;beauce_5_sa_016;orgeh;orgeH_tousSols_nonirr_organique;171.23;1.64;20.91;2.98;0.0;30.11;0.0;225.22;0.07
2021;1;162;beauce_5_sa_017;orgeh;orgeH_tousSols_nonirr_organique;592.99;1.66;0.0;12.28;0.0;19.13;0.0;624.4;0.07
2021;163;295;beauce_5_sa_017;solnu;;1448.9;1.64;23.09;15.69;0.0;12.12;0.0;1499.81;0.07
2021;296;365;beauce_5_sa_017;orgeh;orgeH_tousSols_nonirr_organique;176.77;1.64;17.36;0.78;0.0;20.55;0.0;215.47;0.07
2021;1;251;beauce_5_sa_018;orgeh;orgeH_tousSols_nonirr_organique;1617.85;1.65;23.32;26.01;0.0;22.25;0.0;1689.44;0.07
2021;252;284;beauce_5_sa_018;solnu;;294.12;1.64;0.01;0.0;0.0;0.0;0.0;294.13;0.07
2021;285;365;beauce_5_sa_018;orgeh;orgeH_tousSols_nonirr_organique;131.31;1.64;0.0;0.41;0.0;15.64;0.0;147.37;0.07
2021;1;139;beauce_5_sa_019;orgeh;orgeH_tousSols_nonirr_organique;491.93;1.66;4.36;9.26;0.0;25.8;0.0;531.36;0.07
2021;140;304;beauce_5_sa_019;solnu;;1786.31;1.64;30.88;17.5;0.0;22.22;0.0;1856.91;0.07
2021;305;365;beauce_5_sa_019;orgeh;orgeH_tousSols_nonirr_organique;131.51;1.64;23.07;1.4;0.0;29.06;0.0;185.05;0.07
2021;1;170;beauce_5_sa_020;orgeh;orgeH_tousSols_nonirr_organique;552.42;1.66;0.0;11.62;0.0;16.26;0.0;580.31;0.07
2021;171;276;beauce_5_sa_020;solnu;;1184.9;1.65;16.02;13.18;0.0;4.13;0.0;1218.23;0.07
2021;277;365;beauce_5_sa_020;orgeh;orgeH_tousSols_nonirr_organique;239.81;1.64;0.0;1.96;0.0;12.48;0.0;254.24;0.07
2021;1;153;beauce_5_sa_021;orgeh;orgeH_tousSols_nonirr_organique;619.42;1.66;3.16;11.47;0.0;22.38;0.0;656.42;0.07
2021;154;308;beauce_5_sa_021;solnu;;1610.43;1.64;24.27;14.92;0.0;17.02;0.0;1666.65;0.07
2021;309;365;beauce_5_sa_021;orgeh;orgeH_tousSols_nonirr_organique;96.78;1.64;12.78;2.09;0.0;21.03;0.0;132.69;0.07
2021;1;98;beauce_5_sa_022;orgeh;orgeH_tousSols_nonirr_organique;242.9;1.67;2.48;5.06;0.0;9.54;0.0;259.97;0.07
2021;99;263;beauce_5_sa_022;solnu;;1735.47;1.65;42.86;19.32;0.0;15.68;0.0;1813.33;0.07
2021;264;365;beauce_5_sa_022;orgeh;orgeH_tousSols_nonirr_organique;378.03;1.64;1.24;3.88;0.0;25.16;0.0;408.31;0.07
2021;1;235;beauce_5_sa_023;orgeh;orgeH_tousSols_nonirr_organique;1305.17;1.65;21.1;21.82;0.0;27.12;0.0;1375.21;0.07
2021;236;283;beauce_5_sa_023;solnu;;540.0;1.64;1.38;2.66;0.0;0.0;0.0;544.03;0.07
2021;284;365;beauce_5_sa_023;orgeh;orgeH_tousSols_nonirr_organique;173.12;1.64;1.8;0.32;0.0;16.1;0.0;191.33;0.07
2021;1;140;beauce_5_sa_024;orgeh;orgeH_tousSols_nonirr_organique;461.21;1.66;2.03;8.98;0.0;25.68;0.0;497.89;0.07
2021;141;305;beauce_5_sa_024;solnu;;1760.29;1.64;32.94;19.06;0.0;21.61;0.0;1833.9;0.07
2021;306;365;beauce_5_sa_024;orgeh;orgeH_tousSols_nonirr_organique;166.14;1.64;30.73;0.29;0.0;30.83;0.0;227.99;0.07
2021;1;289;beauce_5_sa_025;orgeh;orgeH_tousSols_nonirr_organique;1814.43;1.64;21.16;26.54;0.0;36.58;0.0;1898.71;0.07
2021;290;295;beauce_5_sa_025;solnu;;43.18;1.64;7.66;0.0;0.0;0.67;0.0;51.52;0.07
2021;296;365;beauce_5_sa_025;orgeh;orgeH_tousSols_nonirr_organique;148.92;1.64;7.26;0.19;0.0;17.8;0.0;174.18;0.07
2021;1;246;beauce_5_sa_026;orgeh;orgeH_tousSols_nonirr_organique;1494.79;1.65;22.35;24.5;0.0;27.53;0.0;1569.17;0.07
2021;247;286;beauce_5_sa_026;solnu;;425.57;1.64;0.61;0.83;0.0;0.0;0.0;427.01;0.07
2021;287;365;beauce_5_sa_026;orgeh;orgeH_tousSols_nonirr_organique;121.26;1.64;0.0;0.34;0.0;16.14;0.0;137.74;0.07
2021;1;204;beauce_5_sa_027;orgeh;orgeH_tousSols_nonirr_organique;936.5;1.65;2.77;17.39;0.0;18.51;0.0;975.17;0.07
2021;205;278;beauce_5_sa_027;solnu;;856.98;1.65;14.09;7.25;0.0;3.24;0.0;881.56;0.07
2021;279;365;beauce_5_sa_027;orgeh;orgeH_tousSols_nonirr_organique;205.1;1.64;0.0;0.51;0.0;11.42;0.0;217.04;0.07
2021;1;211;beauce_5_sa_028;orgeh;orgeH_tousSols_nonirr_organique;1003.35;1.65;0.59;17.64;0.0;23.27;0.0;1044.86;0.07
2021;212;296;beauce_5_sa_028;solnu;;877.61;1.64;15.65;7.6;0.0;4.32;0.0;905.18;0.07
2021;297;365;beauce_5_sa_028;orgeh;orgeH_tousSols_nonirr_organique;127.91;1.64;5.25;0.65;0.0;11.9;0.0;145.71;0.07
2021;1;254;beauce_5_sa_029;orgeh;orgeH_tousSols_nonirr_organique;1637.54;1.64;35.58;26.22;0.0;28.96;0.0;1728.29;0.07
2021;255;260;beauce_5_sa_029;solnu;;99.46;1.64;0.0;0.0;0.0;0.0;0.0;99.46;0.07
2021;261;365;beauce_5_sa_029;orgeh;orgeH_tousSols_nonirr_organique;326.21;1.64;0.0;0.58;0.0;21.56;0.0;348.35;0.07
2021;1;157;beauce_5_sa_030;orgeh;orgeH_tousSols_nonirr_organique;614.01;1.66;0.04;12.05;0.0;21.77;0.0;647.87;0.07
2021;158;306;beauce_5_sa_030;solnu;;1581.59;1.64;24.32;16.03;0.0;14.56;0.0;1636.51;0.07
2021;307;365;beauce_5_sa_030;orgeh;orgeH_tousSols_nonirr_organique;114.58;1.64;17.68;0.55;0.0;22.29;0.0;155.1;0.07
2021;1;273;beauce_5_sa_031;orgeh;orgeH_tousSols_nonirr_organique;1770.82;1.64;20.72;26.65;0.0;25.16;0.0;1843.36;0.07
2021;274;295;beauce_5_sa_031;solnu;;157.22;1.64;1.94;0.0;0.0;0.63;0.0;159.8;0.07
2021;296;365;beauce_5_sa_031;orgeh;orgeH_tousSols_nonirr_organique;92.0;1.64;0.04;0.8;0.0;14.11;0.0;106.95;0.07
2021;1;142;beauce_5_sa_032;orgeh;orgeH_tousSols_nonirr_organique;472.97;1.66;2.26;9.22;0.0;25.94;0.0;510.39;0.07
2021;143;307;beauce_5_sa_032;solnu;;1753.34;1.64;31.71;18.82;0.0;21.58;0.0;1825.45;0.07
2021;308;365;beauce_5_sa_032;orgeh;orgeH_tousSols_nonirr_organique;166.02;1.64;31.96;0.3;0.0;31.04;0.0;229.33;0.07
2021;1;246;beauce_5_sa_033;orgeh;orgeH_tousSols_nonirr_organique;1403.72;1.65;19.57;22.64;0.0;31.28;0.0;1477.22;0.07
2021;247;300;beauce_5_sa_033;solnu;;508.38;1.64;8.02;2.3;0.0;0.82;0.0;519.53;0.07
2021;301;365;beauce_5_sa_033;orgeh;orgeH_tousSols_nonirr_organique;108.94;1.64;4.48;0.31;0.0;16.2;0.0;129.92;0.07
2021;1;193;beauce_5_sa_034;orgeh;orgeH_tousSols_nonirr_organique;774.73;1.66;0.0;14.13;0.0;22.75;0.0;811.61;0.07
2021;194;298;beauce_5_sa_034;solnu;;1066.95;1.65;13.05;11.09;0.0;3.9;0.0;1094.98;0.07
2021;299;365;beauce_5_sa_034;orgeh;orgeH_tousSols_nonirr_organique;130.06;1.64;8.55;0.57;0.0;11.34;0.0;150.52;0.07
2021;1;120;beauce_5_sa_035;orgeh;orgeH_tousSols_nonirr_organique;342.73;1.66;0.94;6.67;0.0;19.81;0.0;370.16;0.07
2021;121;285;beauce_5_sa_035;solnu;;1852.65;1.64;34.32;18.61;0.0;20.17;0.0;1925.75;0.07
2021;286;365;beauce_5_sa_035;orgeh;orgeH_tousSols_nonirr_organique;211.17;1.64;9.46;2.63;0.0;27.53;0.0;250.79;0.07
2021;1;185;beauce_5_sa_036;orgeh;orgeH_tousSols_nonirr_organique;815.49;1.66;7.43;16.9;0.0;13.64;0.0;853.46;0.07
2021;186;263;beauce_5_sa_036;solnu;;970.44;1.65;17.92;8.99;0.0;2.98;0.0;1000.33;0.07
2021;264;365;beauce_5_sa_036;orgeh;orgeH_tousSols_nonirr_organique;282.57;1.64;0.0;1.54;0.0;12.94;0.0;297.06;0.07
2021;1;285;beauce_5_sa_037;orgeh;orgeH_tousSols_nonirr_organique;1744.93;1.64;19.46;25.82;0.0;35.28;0.0;1825.49;0.07
2021;286;304;beauce_5_sa_037;solnu;;125.95;1.64;8.34;0.0;0.0;0.58;0.0;134.86;0.07
2021;305;365;beauce_5_sa_037;orgeh;orgeH_tousSols_nonirr_organique;110.18;1.64;10.92;0.14;0.0;17.86;0.0;139.09;0.07
2021;1;109;beauce_5_sa_038;orgeh;orgeH_tousSols_nonirr_organique;275.91;1.66;0.25;5.78;0.0;14.08;0.0;296.03;0.07
2021;110;274;beauce_5_sa_038;solnu;;1783.64;1.64;39.94;19.77;0.0;20.72;0.0;1864.08;0.07
2021;275;365;beauce_5_sa_038;orgeh;orgeH_tousSols_nonirr_organique;312.66;1.64;0.67;2.63;0.0;26.74;0.0;342.7;0.07
2021;1;247;beauce_5_sa_039;orgeh;orgeH_tousSols_nonirr_organique;1429.33;1.65;17.76;22.71;0.0;31.69;0.0;1501.49;0.07
2021;248;314;beauce_5_sa_039;solnu;;540.71;1.64;9.87;2.14;0.0;3.51;0.0;556.23;0.07
2021;315;365;beauce_5_sa_039;orgeh;orgeH_tousSols_nonirr_organique;53.29;1.64;0.0;0.07;0.0;12.11;0.0;65.48;0.07
2021;1;280;beauce_5_sa_040;orgeh;orgeH_tousSols_nonirr_organique;1758.78;1.64;19.29;26.15;0.0;33.11;0.0;1837.33;0.07
2021;281;298;beauce_5_sa_040;solnu;;131.76;1.64;5.26;0.0;0.0;0.52;0.0;137.55;0.07
2021;299;365;beauce_5_sa_040;orgeh;orgeH_tousSols_nonirr_organique;84.9;1.64;0.47;0.53;0.0;14.95;0.0;100.84;0.07
2021;1;107;beauce_5_sa_041;orgeh;orgeH_tousSols_nonirr_organique;268.99;1.66;0.23;5.65;0.0;13.44;0.0;288.31;0.07
2021;108;272;beauce_5_sa_041;solnu;;1777.01;1.65;41.01;19.8;0.0;19.82;0.0;1857.63;0.07
2021;273;365;beauce_5_sa_041;orgeh;orgeH_tousSols_nonirr_organique;320.53;1.64;0.02;2.87;0.0;26.5;0.0;349.92;0.07
2021;1;242;beauce_5_sa_042;orgeh;orgeH_tousSols_nonirr_organique;1495.93;1.65;19.83;24.47;0.0;24.51;0.0;1564.74;0.07
2021;243;294;beauce_5_sa_042;solnu;;463.59;1.64;0.92;0.6;0.0;0.83;0.0;465.93;0.07
2021;295;365;beauce_5_sa_042;orgeh;orgeH_tousSols_nonirr_organique;92.76;1.64;0.0;0.26;0.0;14.0;0.0;107.02;0.07
2021;1;290;beauce_5_sa_043;orgeh;orgeH_tousSols_nonirr_organique;1812.04;1.64;19.72;26.23;0.0;35.89;0.0;1893.88;0.07
2021;291;318;beauce_5_sa_043;solnu;;142.91;1.64;14.48;0.0;0.0;5.46;0.0;162.85;0.07
2021;319;365;beauce_5_sa_043;orgeh;orgeH_tousSols_nonirr_organique;44.37;1.64;0.08;0.22;0.0;12.01;0.0;56.68;0.07
2021;1;148;beauce_5_sa_044;orgeh;orgeH_tousSols_nonirr_organique;511.63;1.66;1.36;9.83;0.0;25.81;0.0;548.62;0.07
2021;149;313;beauce_5_sa_044;solnu;;1713.71;1.64;38.9;18.53;0.0;20.53;0.0;1791.67;0.07
2021;314;365;beauce_5_sa_044;orgeh;orgeH_tousSols_nonirr_organique;132.05;1.64;24.21;0.15;0.0;29.5;0.0;185.9;0.07
2021;1;275;beauce_5_sa_045;orgeh;orgeH_tousSols_nonirr_organique;1773.12;1.64;21.33;26.69;0.0;31.7;0.0;1852.85;0.07
2021;276;293;beauce_5_sa_045;solnu;;138.94;1.64;2.65;0.0;0.0;0.58;0.0;142.17;0.07
2021;294;365;beauce_5_sa_045;orgeh;orgeH_tousSols_nonirr_organique;99.82;1.64;0.66;0.81;0.0;15.56;0.0;116.86;0.07
2021;1;148;beauce_5_sa_046;orgeh;orgeH_tousSols_nonirr_organique;520.16;1.66;0.71;10.36;0.0;23.83;0.0;555.06;0.07
2021;149;304;beauce_5_sa_046;solnu;;1664.89;1.64;27.68;17.65;0.0;17.27;0.0;1727.49;0.07
2021;305;365;beauce_5_sa_046;orgeh;orgeH_tousSols_nonirr_organique;151.88;1.64;24.91;0.27;0.0;26.41;0.0;203.46;0.07
2021;1;253;beauce_5_sa_047;orgeh;orgeH_tousSols_nonirr_organique;1478.73;1.65;18.46;23.16;0.0;32.84;0.0;1553.19;0.07
2021;254;315;beauce_5_sa_047;solnu;;467.37;1.64;7.41;1.19;0.0;3.74;0.0;479.71;0.07
2021;316;365;beauce_5_sa_047;orgeh;orgeH_tousSols_nonirr_organique;47.72;1.64;0.0;0.1;0.0;11.98;0.0;59.8;0.07
2021;1;120;beauce_5_sa_048;orgeh;orgeH_tousSols_nonirr_organique;333.93;1.66;0.25;6.68;0.0;20.1;0.0;360.96;0.07
2021;121;285;beauce_5_sa_048;solnu;;1851.99;1.64;36.87;19.48;0.0;20.77;0.0;1929.11;0.07
2021;286;365;beauce_5_sa_048;orgeh;orgeH_tousSols_nonirr_organique;231.9;1.64;12.67;1.96;0.0;28.97;0.0;275.5;0.07
2021;1;274;beauce_5_sa_049;orgeh;orgeH_tousSols_nonirr_organique;1655.47;1.64;18.73;24.93;0.0;35.07;0.0;1734.2;0.07
2021;275;310;beauce_5_sa_049;solnu;;247.24;1.64;13.89;0.19;0.0;1.52;0.0;262.84;0.07
2021;311;365;beauce_5_sa_049;orgeh;orgeH_tousSols_nonirr_organique;92.92;1.64;8.45;0.1;0.0;17.3;0.0;118.77;0.07
2021;1;274;beauce_5_sa_050;orgeh;orgeH_tousSols_nonirr_organique;1716.78;1.64;24.81;25.74;0.0;30.81;0.0;1798.15;0.07
2021;275;280;beauce_5_sa_050;solnu;;53.64;1.64;0.0;0.0;0.0;0.0;0.0;53.64;0.07
2021;281;365;beauce_5_sa_050;orgeh;orgeH_tousSols_nonirr_organique;218.26;1.64;1.28;0.15;0.0;17.23;0.0;236.92;0.07
2021;1;211;beauce_5_sa_051;orgeh;orgeH_tousSols_nonirr_organique;973.28;1.65;0.44;17.02;0.0;22.89;0.0;1013.63;0.07
2021;212;305;beauce_5_sa_051;solnu;;910.08;1.64;14.69;8.19;0.0;4.26;0.0;937.23;0.07
2021;306;365;beauce_5_sa_051;orgeh;orgeH_tousSols_nonirr_organique;108.13;1.64;11.07;0.28;0.0;12.44;0.0;131.93;0.07
2021;1;131;beauce_5_sa_052;orgeh;orgeH_tousSols_nonirr_organique;415.1;1.66;2.54;8.12;0.0;24.57;0.0;450.34;0.07
2021;132;296;beauce_5_sa_052;solnu;;1807.19;1.64;35.43;19.34;0.0;24.42;0.0;1886.38;0.07
2021;297;365;beauce_5_sa_052;orgeh;orgeH_tousSols_nonirr_organique;204.06;1.64;26.63;0.64;0.0;32.09;0.0;263.42;0.07
2021;1;112;beauce_5_sa_053;orgeh;orgeH_tousSols_nonirr_organique;277.08;1.66;0.06;5.89;0.0;14.75;0.0;297.78;0.07
2021;113;277;beauce_5_sa_053;solnu;;1796.57;1.64;40.64;20.09;0.0;21.76;0.0;1879.06;0.07
2021;278;365;beauce_5_sa_053;orgeh;orgeH_tousSols_nonirr_organique;299.29;1.64;2.34;2.35;0.0;27.63;0.0;331.6;0.07
2021;1;237;beauce_5_sa_054;orgeh;orgeH_tousSols_nonirr_organique;1376.11;1.65;27.24;22.97;0.0;25.28;0.0;1451.61;0.07
2021;238;272;beauce_5_sa_054;solnu;;429.83;1.64;1.24;1.37;0.0;0.0;0.0;432.44;0.07
2021;273;365;beauce_5_sa_054;orgeh;orgeH_tousSols_nonirr_organique;228.57;1.64;0.0;0.52;0.0;17.97;0.0;247.06;0.07
2021;1;152;beauce_5_sa_055;orgeh;orgeH_tousSols_nonirr_organique;551.18;1.66;1.05;10.25;0.0;25.36;0.0;587.83;0.07
2021;153;317;beauce_5_sa_055;solnu;;1686.91;1.64;46.54;18.31;0.0;24.56;0.0;1776.31;0.07
2021;318;365;beauce_5_sa_055;orgeh;orgeH_tousSols_nonirr_organique;113.79;1.64;16.33;0.12;0.0;23.0;0.0;153.24;0.07
2021;1;109;beauce_5_sa_056;orgeh;orgeH_tousSols_nonirr_organique;317.98;1.66;2.49;5.61;0.0;12.75;0.0;338.82;0.07
2021;110;274;beauce_5_sa_056;solnu;;1806.69;1.65;37.43;16.72;0.0;18.77;0.0;1879.62;0.07
2021;275;365;beauce_5_sa_056;orgeh;orgeH_tousSols_nonirr_organique;264.69;1.64;2.54;5.98;0.0;25.87;0.0;299.08;0.07
2021;1;256;beauce_5_sa_057;orgeh;orgeH_tousSols_nonirr_organique;1666.66;1.65;22.07;26.59;0.0;23.59;0.0;1738.91;0.07
2021;257;291;beauce_5_sa_057;solnu;;284.27;1.64;0.0;0.0;0.0;0.28;0.0;284.55;0.07
2021;292;365;beauce_5_sa_057;orgeh;orgeH_tousSols_nonirr_organique;105.24;1.64;0.0;0.33;0.0;14.78;0.0;120.35;0.07
2021;1;257;beauce_5_sa_058;orgeh;orgeH_tousSols_nonirr_organique;1529.16;1.65;20.29;24.07;0.0;31.78;0.0;1605.31;0.07
2021;258;300;beauce_5_sa_058;solnu;;373.86;1.64;6.34;0.53;0.0;0.88;0.0;381.61;0.07
2021;301;365;beauce_5_sa_058;orgeh;orgeH_tousSols_nonirr_organique;78.75;1.64;0.0;0.29;0.0;15.32;0.0;94.37;0.07
2021;1;255;beauce_5_sa_059;orgeh;orgeH_tousSols_nonirr_organique;1525.43;1.65;22.74;24.08;0.0;30.85;0.0;1603.1;0.07
2021;256;286;beauce_5_sa_059;solnu;;329.48;1.64;0.02;0.58;0.0;0.0;0.0;330.08;0.07
2021;287;365;beauce_5_sa_059;orgeh;orgeH_tousSols_nonirr_organique;160.5;1.64;5.39;0.19;0.0;17.18;0.0;183.26;0.07
2021;1;255;beauce_5_sa_060;orgeh;orgeH_tousSols_nonirr_organique;1671.78;1.65;30.05;27.24;0.0;24.44;0.0;1753.5;0.07
2021;256;271;beauce_5_sa_060;solnu;;201.57;1.64;0.0;0.0;0.0;0.0;0.0;201.57;0.07
2021;272;365;beauce_5_sa_060;orgeh;orgeH_tousSols_nonirr_organique;190.83;1.64;0.0;1.52;0.0;18.57;0.0;210.92;0.07
2021;1;128;beauce_5_sa_061;orgeh;orgeH_tousSols_nonirr_organique;369.44;1.66;2.52;8.4;0.0;7.28;0.0;387.64;0.07
2021;129;259;beauce_5_sa_061;solnu;;1483.06;1.65;32.39;16.4;0.0;7.04;0.0;1538.89;0.07
2021;260;365;beauce_5_sa_061;orgeh;orgeH_tousSols_nonirr_organique;378.34;1.64;0.87;3.8;0.0;18.84;0.0;401.86;0.07
2021;1;214;beauce_5_sa_062;orgeh;orgeH_tousSols_nonirr_organique;1020.29;1.65;0.34;17.43;0.0;23.11;0.0;1061.17;0.07
2021;215;314;beauce_5_sa_062;solnu;;905.53;1.64;26.72;8.13;0.0;6.21;0.0;946.6;0.07
2021;315;365;beauce_5_sa_062;orgeh;orgeH_tousSols_nonirr_organique;78.25;1.64;4.1;0.11;0.0;11.93;0.0;94.39;0.07
2021;1;117;beauce_5_sa_063;orgeh;orgeH_tousSols_nonirr_organique;305.22;1.66;0.03;6.22;0.0;16.62;0.0;328.09;0.07
2021;118;282;beauce_5_sa_063;solnu;;1820.26;1.64;38.7;20.12;0.0;23.44;0.0;1902.52;0.07
2021;283;365;beauce_5_sa_063;orgeh;orgeH_tousSols_nonirr_organique;274.59;1.64;8.3;1.84;0.0;28.88;0.0;313.6;0.07
2021;1;171;beauce_5_sa_064;orgeh;orgeH_tousSols_nonirr_organique;756.05;1.66;2.68;13.44;0.0;12.07;0.0;784.23;0.07
2021;172;265;beauce_5_sa_064;solnu;;1109.96;1.65;14.74;7.13;0.0;3.08;0.0;1134.91;0.07
2021;266;365;beauce_5_sa_064;orgeh;orgeH_tousSols_nonirr_organique;221.5;1.65;1.73;4.39;0.0;11.53;0.0;239.15;0.07
2021;1;243;beauce_5_sa_065;orgeh;orgeH_tousSols_nonirr_organique;1524.37;1.65;19.89;24.86;0.0;23.89;0.0;1593.02;0.07
2021;244;293;beauce_5_sa_065;solnu;;446.12;1.64;0.96;0.49;0.0;0.82;0.0;448.39;0.07
2021;294;365;beauce_5_sa_065;orgeh;orgeH_tousSols_nonirr_organique;93.59;1.64;0.0;0.27;0.0;13.85;0.0;107.71;0.07
2021;1;148;beauce_5_sa_066;orgeh;orgeH_tousSols_nonirr_organique;528.54;1.66;2.15;10.44;0.0;24.94;0.0;566.07;0.07
2021;149;313;beauce_5_sa_066;solnu;;1724.99;1.64;36.34;17.6;0.0;19.78;0.0;1798.71;0.07
2021;314;365;beauce_5_sa_066;orgeh;orgeH_tousSols_nonirr_organique;98.35;1.64;17.59;0.28;0.0;26.08;0.0;142.29;0.07
2021;1;251;beauce_5_sa_067;orgeh;orgeH_tousSols_nonirr_organique;1510.11;1.65;25.2;24.21;0.0;28.61;0.0;1588.13;0.07
2021;252;280;beauce_5_sa_067;solnu;;318.43;1.64;0.01;0.56;0.0;0.0;0.0;319.0;0.07
2021;281;365;beauce_5_sa_067;orgeh;orgeH_tousSols_nonirr_organique;195.44;1.64;0.78;0.29;0.0;17.24;0.0;213.75;0.07
2021;1;151;beauce_5_sa_068;orgeh;orgeH_tousSols_nonirr_organique;545.26;1.66;1.4;10.71;0.0;24.56;0.0;581.93;0.07
2021;152;316;beauce_5_sa_068;solnu;;1707.51;1.64;43.18;17.84;0.0;21.49;0.0;1790.01;0.07
2021;317;365;beauce_5_sa_068;orgeh;orgeH_tousSols_nonirr_organique;94.16;1.64;14.12;0.05;0.0;23.63;0.0;131.96;0.07
2021;1;152;beauce_5_sa_069;orgeh;orgeH_tousSols_nonirr_organique;551.18;1.66;1.05;10.25;0.0;25.36;0.0;587.83;0.07
2021;153;317;beauce_5_sa_069;solnu;;1686.91;1.64;46.54;18.31;0.0;24.56;0.0;1776.31;0.07
2021;318;365;beauce_5_sa_069;orgeh;orgeH_tousSols_nonirr_organique;113.79;1.64;16.33;0.12;0.0;23.0;0.0;153.24;0.07
2021;1;257;beauce_5_sa_070;orgeh;orgeH_tousSols_nonirr_organique;1560.23;1.65;20.28;24.57;0.0;32.24;0.0;1637.31;0.07
2021;258;296;beauce_5_sa_070;solnu;;357.68;1.64;5.91;0.51;0.0;0.88;0.0;364.97;0.07
2021;297;365;beauce_5_sa_070;orgeh;orgeH_tousSols_nonirr_organique;96.07;1.64;0.05;0.2;0.0;15.3;0.0;111.62;0.07
2021;1;121;beauce_5_sa_071;orgeh;orgeH_tousSols_nonirr_organique;345.13;1.66;0.38;6.83;0.0;19.89;0.0;372.23;0.07
2021;122;286;beauce_5_sa_071;solnu;;1850.06;1.64;34.96;18.97;0.0;20.48;0.0;1924.48;0.07
2021;287;365;beauce_5_sa_071;orgeh;orgeH_tousSols_nonirr_organique;212.92;1.64;12.41;2.28;0.0;28.31;0.0;255.91;0.07
2021;1;152;beauce_5_sa_072;orgeh;orgeH_tousSols_nonirr_organique;551.18;1.66;1.05;10.25;0.0;25.36;0.0;587.83;0.07
2021;153;317;beauce_5_sa_072;solnu;;1686.91;1.64;46.54;18.31;0.0;24.56;0.0;1776.31;0.07
2021;318;365;beauce_5_sa_072;orgeh;orgeH_tousSols_nonirr_organique;113.79;1.64;16.33;0.12;0.0;23.0;0.0;153.24;0.07
2021;1;290;beauce_5_sa_073;orgeh;orgeH_tousSols_nonirr_organique;1770.56;1.64;19.95;25.98;0.0;35.9;0.0;1852.38;0.07
2021;291;308;beauce_5_sa_073;solnu;;108.97;1.64;14.46;0.0;0.0;1.64;0.0;125.06;0.07
2021;309;365;beauce_5_sa_073;orgeh;orgeH_tousSols_nonirr_organique;114.56;1.64;9.53;0.12;0.0;18.11;0.0;142.32;0.07
2021;1;204;beauce_5_sa_074;orgeh;orgeH_tousSols_nonirr_organique;903.39;1.66;0.37;16.22;0.0;23.11;0.0;943.09;0.07
2021;205;297;beauce_5_sa_074;solnu;;974.6;1.64;14.38;9.14;0.0;4.15;0.0;1002.28;0.07
2021;298;365;beauce_5_sa_074;orgeh;orgeH_tousSols_nonirr_organique;124.23;1.64;6.99;0.62;0.0;11.64;0.0;143.48;0.07
2021;1;288;beauce_5_sa_075;orgeh;orgeH_tousSols_nonirr_organique;1798.34;1.64;19.16;26.08;0.0;35.66;0.0;1879.24;0.07
2021;289;317;beauce_5_sa_075;solnu;;148.93;1.64;13.02;0.0;0.0;5.25;0.0;167.21;0.07
2021;318;365;beauce_5_sa_075;orgeh;orgeH_tousSols_nonirr_organique;43.34;1.64;0.08;0.19;0.0;11.78;0.0;55.4;0.07
2021;1;172;beauce_5_sa_076;orgeh;orgeH_tousSols_nonirr_organique;630.75;1.66;0.0;14.26;0.0;12.36;0.0;657.37;0.07
2021;173;267;beauce_5_sa_076;solnu;;1148.57;1.65;16.01;11.96;0.0;2.96;0.0;1179.51;0.07
2021;268;365;beauce_5_sa_076;orgeh;orgeH_tousSols_nonirr_organique;253.54;1.64;0.0;2.02;0.0;11.32;0.0;266.89;0.07
2021;1;142;beauce_5_sa_077;orgeh;orgeH_tousSols_nonirr_organique;423.22;1.66;0.02;9.97;0.0;11.46;0.0;444.67;0.07
2021;143;268;beauce_5_sa_077;solnu;;1425.46;1.65;26.16;16.06;0.0;7.93;0.0;1475.61;0.07
2021;269;365;beauce_5_sa_077;orgeh;orgeH_tousSols_nonirr_organique;307.94;1.64;0.0;2.9;0.0;17.44;0.0;328.27;0.07
2021;1;96;beauce_5_sa_078;orgeh;orgeH_tousSols_nonirr_organique;257.74;1.67;3.85;4.78;0.0;8.05;0.0;274.41;0.07
2021;97;261;beauce_5_sa_078;solnu;;1757.24;1.65;43.38;17.54;0.0;14.71;0.0;1832.87;0.07
2021;262;365;beauce_5_sa_078;orgeh;orgeH_tousSols_nonirr_organique;303.56;1.64;3.24;6.48;0.0;25.12;0.0;338.4;0.07
2021;1;137;beauce_5_sa_079;orgeh;orgeH_tousSols_nonirr_organique;542.97;1.66;2.77;8.77;0.0;13.41;0.0;567.92;0.07
2021;138;275;beauce_5_sa_079;solnu;;1565.56;1.65;25.61;13.04;0.0;10.47;0.0;1614.69;0.07
2021;276;365;beauce_5_sa_079;orgeh;orgeH_tousSols_nonirr_organique;222.97;1.64;2.72;5.61;0.0;19.35;0.0;250.65;0.07
2021;1;290;beauce_5_sa_080;orgeh;orgeH_tousSols_nonirr_organique;1823.91;1.64;20.75;26.61;0.0;36.49;0.0;1907.76;0.07
2021;291;296;beauce_5_sa_080;solnu;;47.16;1.64;8.29;0.0;0.0;0.68;0.0;56.13;0.07
2021;297;365;beauce_5_sa_080;orgeh;orgeH_tousSols_nonirr_organique;143.82;1.64;7.17;0.23;0.0;17.69;0.0;168.89;0.07
2021;1;189;beauce_5_sa_081;orgeh;orgeH_tousSols_nonirr_organique;748.55;1.66;0.14;13.82;0.0;21.91;0.0;784.42;0.07
2021;190;289;beauce_5_sa_081;solnu;;1074.47;1.65;10.25;11.06;0.0;3.51;0.0;1099.28;0.07
2021;290;365;beauce_5_sa_081;orgeh;orgeH_tousSols_nonirr_organique;156.29;1.64;4.5;1.05;0.0;10.52;0.0;172.36;0.07
2021;1;122;beauce_5_sa_082;orgeh;orgeH_tousSols_nonirr_organique;351.42;1.66;0.25;6.93;0.0;20.4;0.0;378.99;0.07
2021;123;287;beauce_5_sa_082;solnu;;1851.84;1.64;35.58;19.34;0.0;20.71;0.0;1927.47;0.07
2021;288;365;beauce_5_sa_082;orgeh;orgeH_tousSols_nonirr_organique;215.9;1.64;15.69;1.84;0.0;29.09;0.0;262.52;0.07
2021;1;276;beauce_5_sa_083;orgeh;orgeH_tousSols_nonirr_organique;1765.79;1.64;21.31;26.54;0.0;31.86;0.0;1845.5;0.07
2021;277;294;beauce_5_sa_083;solnu;;138.87;1.64;3.49;0.0;0.0;0.64;0.0;143.0;0.07
2021;295;365;beauce_5_sa_083;orgeh;orgeH_tousSols_nonirr_organique;97.31;1.64;0.51;0.92;0.0;15.69;0.0;114.43;0.07
2021;1;147;beauce_5_sa_084;orgeh;orgeH_tousSols_nonirr_organique;491.79;1.66;0.02;10.63;0.0;14.74;0.0;517.19;0.07
2021;148;276;beauce_5_sa_084;solnu;;1450.84;1.65;23.76;15.93;0.0;9.56;0.0;1500.1;0.07
2021;277;365;beauce_5_sa_084;orgeh;orgeH_tousSols_nonirr_organique;252.64;1.64;0.11;2.74;0.0;18.18;0.0;273.68;0.07
2021;1;197;beauce_5_sa_085;orgeh;orgeH_tousSols_nonirr_organique;835.21;1.66;0.47;15.3;0.0;20.47;0.0;871.46;0.07
2021;198;285;beauce_5_sa_085;solnu;;969.31;1.65;11.85;9.2;0.0;3.43;0.0;993.78;0.07
2021;286;365;beauce_5_sa_085;orgeh;orgeH_tousSols_nonirr_organique;174.46;1.64;3.28;0.46;0.0;10.7;0.0;188.9;0.07
2021;1;152;beauce_5_sa_086;orgeh;orgeH_tousSols_nonirr_organique;571.06;1.66;1.85;11.04;0.0;24.31;0.0;608.26;0.07
2021;153;317;beauce_5_sa_086;solnu;;1694.81;1.64;40.56;17.19;0.0;23.91;0.0;1776.47;0.07
2021;318;365;beauce_5_sa_086;orgeh;orgeH_tousSols_nonirr_organique;78.52;1.64;11.34;0.24;0.0;19.73;0.0;109.82;0.07
2021;1;118;beauce_5_sa_087;orgeh;orgeH_tousSols_nonirr_organique;362.0;1.67;2.97;6.23;0.0;8.64;0.0;379.84;0.07
2021;119;265;beauce_5_sa_087;solnu;;1675.16;1.65;35.71;14.95;0.0;12.12;0.0;1737.95;0.07
2021;266;365;beauce_5_sa_087;orgeh;orgeH_tousSols_nonirr_organique;318.29;1.64;2.92;7.68;0.0;22.23;0.0;351.11;0.07
2021;1;280;beauce_5_sa_088;orgeh;orgeH_tousSols_nonirr_organique;1749.64;1.64;21.86;25.67;0.0;34.57;0.0;1831.74;0.07
2021;281;289;beauce_5_sa_088;solnu;;76.82;1.64;0.33;0.0;0.0;0.0;0.0;77.15;0.07
2021;290;365;beauce_5_sa_088;orgeh;orgeH_tousSols_nonirr_organique;161.77;1.64;5.99;0.27;0.0;16.95;0.0;184.98;0.07
2021;1;140;beauce_5_sa_089;orgeh;orgeH_tousSols_nonirr_organique;424.7;1.66;0.4;9.92;0.0;8.89;0.0;443.91;0.07
2021;141;263;beauce_5_sa_089;solnu;;1397.0;1.65;27.58;15.86;0.0;6.48;0.0;1446.92;0.07
2021;264;365;beauce_5_sa_089;orgeh;orgeH_tousSols_nonirr_organique;346.76;1.64;0.36;3.45;0.0;17.34;0.0;367.91;0.07
2021;1;249;beauce_5_sa_090;orgeh;orgeH_tousSols_nonirr_organique;1494.67;1.65;25.76;24.31;0.0;28.25;0.0;1572.98;0.07
2021;250;278;beauce_5_sa_090;solnu;;319.44;1.64;0.56;0.56;0.0;0.0;0.0;320.57;0.07
2021;279;365;beauce_5_sa_090;orgeh;orgeH_tousSols_nonirr_organique;205.84;1.64;0.29;0.36;0.0;17.56;0.0;224.05;0.07
2021;1;107;beauce_5_sa_091;orgeh;orgeH_tousSols_nonirr_organique;293.93;1.66;1.98;5.6;0.0;12.63;0.0;314.14;0.07
2021;108;272;beauce_5_sa_091;solnu;;1820.84;1.65;40.48;18.67;0.0;19.05;0.0;1899.03;0.07
2021;273;365;beauce_5_sa_091;orgeh;orgeH_tousSols_nonirr_organique;285.91;1.64;1.44;4.06;0.0;26.55;0.0;317.96;0.07
2021;1;280;beauce_5_sa_092;orgeh;orgeH_tousSols_nonirr_organique;1762.34;1.64;19.33;26.13;0.0;33.03;0.0;1840.83;0.07
2021;281;301;beauce_5_sa_092;solnu;;141.35;1.64;5.31;0.0;0.0;0.53;0.0;147.19;0.07
2021;302;365;beauce_5_sa_092;orgeh;orgeH_tousSols_nonirr_organique;75.82;1.64;0.43;0.52;0.0;14.96;0.0;91.74;0.07
2021;1;230;beauce_5_sa_093;orgeh;orgeH_tousSols_nonirr_organique;1201.53;1.65;2.71;19.9;0.0;24.07;0.0;1248.22;0.07
2021;231;313;beauce_5_sa_093;solnu;;729.7;1.64;24.46;5.33;0.0;4.95;0.0;764.44;0.07
2021;314;365;beauce_5_sa_093;orgeh;orgeH_tousSols_nonirr_organique;76.44;1.64;5.13;0.03;0.0;14.75;0.0;96.36;0.07
2021;1;282;beauce_5_sa_094;orgeh;orgeH_tousSols_nonirr_organique;1750.04;1.64;20.63;25.59;0.0;36.02;0.0;1832.28;0.07
2021;283;292;beauce_5_sa_094;solnu;;75.85;1.64;2.68;0.0;0.0;0.11;0.0;78.64;0.07
2021;293;365;beauce_5_sa_094;orgeh;orgeH_tousSols_nonirr_organique;152.96;1.64;6.85;0.28;0.0;17.09;0.0;177.18;0.07
2021;1;246;beauce_5_sa_095;orgeh;orgeH_tousSols_nonirr_organique;1639.54;1.65;35.15;26.65;0.0;26.02;0.0;1727.36;0.07
2021;247;265;beauce_5_sa_095;solnu;;233.89;1.64;0.69;0.0;0.0;0.0;0.0;234.58;0.07
2021;266;365;beauce_5_sa_095;orgeh;orgeH_tousSols_nonirr_organique;238.92;1.64;0.0;1.28;0.0;20.38;0.0;260.58;0.07
2021;1;306;beauce_5_sa_096;orgeh;orgeH_tousSols_nonirr_organique;1834.97;1.64;27.9;26.55;0.0;37.13;0.0;1926.55;0.07
2021;307;312;beauce_5_sa_096;solnu;;42.41;1.64;9.0;0.0;0.0;0.96;0.0;52.37;0.07
2021;313;365;beauce_5_sa_096;orgeh;orgeH_tousSols_nonirr_organique;109.26;1.64;13.4;0.05;0.0;19.94;0.0;142.65;0.07
2021;1;232;beauce_5_sa_097;orgeh;orgeH_tousSols_nonirr_organique;1246.02;1.65;3.68;20.69;0.0;23.93;0.0;1294.33;0.07
2021;233;292;beauce_5_sa_097;solnu;;601.63;1.64;16.91;3.52;0.0;3.87;0.0;625.93;0.07
2021;293;365;beauce_5_sa_097;orgeh;orgeH_tousSols_nonirr_organique;141.14;1.64;3.69;0.34;0.0;15.63;0.0;160.79;0.07
2021;1;145;beauce_5_sa_098;orgeh;orgeH_tousSols_nonirr_organique;497.05;1.66;2.06;9.81;0.0;25.48;0.0;534.39;0.07
2021;146;310;beauce_5_sa_098;solnu;;1747.19;1.64;37.52;18.41;0.0;20.82;0.0;1823.94;0.07
2021;311;365;beauce_5_sa_098;orgeh;orgeH_tousSols_nonirr_organique;126.42;1.64;22.69;0.16;0.0;28.26;0.0;177.53;0.07
2021;1;254;beauce_5_sa_099;orgeh;orgeH_tousSols_nonirr_organique;1534.26;1.65;20.27;24.35;0.0;28.93;0.0;1607.82;0.07
2021;255;298;beauce_5_sa_099;solnu;;381.74;1.64;0.25;0.36;0.0;0.97;0.0;383.33;0.07
2021;299;365;beauce_5_sa_099;orgeh;orgeH_tousSols_nonirr_organique;81.18;1.64;0.0;0.24;0.0;14.09;0.0;95.5;0.07
